0.7130350536354917
0.682219481982114
0.6976338795550134
0.7230188719365693
0.7697941509134987
0.7571631208566684
0.7297573723800728
0.7163241786099172
0.6762504199856608
0.6497994332295939
0.7143549086146833
0.7167610474220988
0.7650621248311681
0.6876173296700796
0.7180885384926936
0.7128226763703263
0.7194890897064479
0.7007844456888078
0.690529369268564
0.737021944299128
0.6936940582061744
0.6905378245713019
0.7537487520056342
0.7168244122023409
0.6833496094539702
0.7005907607194792
0.6882051756071749
0.6768952631113025
0.6820853518663028
0.7282436500820122
0.7100397581260767
0.6904285960998603
0.7308650039724491
0.7479850237020395
0.7591590831204054
0.6622902886446244
0.6886955197639866
0.712120956972841
0.6825067011583118
0.7549710908536831
0.6918914190171452
0.7439944096064911
0.7461942662302677
0.7419428794686709
0.7200632418956563
0.6887042475112591
0.7238257264855389
0.6959805315448024
0.6944714747206756
0.6651471690207609
0.7102457411025186
0.6586228213869219
0.6954450610660037
0.6813431401807797
0.7046491784740696
0.7579507992398845
0.6691122666886345
0.7070233151154336
0.7647064343632219
0.7222255507922264
0.7017825689992782
0.6747719866506626
0.7035590728167062
0.695291198634038
0.7719209268171746
0.6648494711884461
0.6773085118618537
0.7385644330943508
0.7249936079285918
0.700134355825389
0.7428713669414253
0.6523953530612141
0.7132011171524109
0.7147239104405559
0.7265555243286284
0.7412373453069088
0.7032959986910464
0.7146202097081933
0.7098653841256946
0.7294651617891261
0.7330970539693346
0.7030710568181894
0.6850443293699201
0.7143845240676122
0.7329675975418767
0.7226330304084876
0.7120163230926195
0.707631196052662
0.6637106280569077
0.7086943342621861
0.7001291650748538
0.7035093088853616
0.7211178843645836
0.7350814147573547
0.7295317293823775
0.7053730167688198
0.7527285534109925
0.6436855512131138
0.6952692824343685
0.6484821908395175
