0.7008327501782
0.6987619026743996
0.7052485418305219
0.7188620031112394
0.696899236485002
0.7462358559049785
0.659260287415573
0.7256694086000587
0.6746506635155273
0.6860680225377082
0.6893140695417156
0.739403695828721
0.6998500786810993
0.6961004763357013
0.6624213950271663
0.6775236336823227
0.685287750707032
0.7120704210352826
0.7331451271523466
0.7068603170892729
0.7464971217056358
0.7353175607816368
0.7341189876707439
0.6490540607614697
0.6958682176959456
0.6502939779269566
0.6876356167338793
0.6775747235556998
0.749327664804883
0.6705899400960327
0.6803938178818209
0.6771522243493514
0.6659426117055904
0.6806728043467875
0.7338053282761338
0.6379693948354633
0.726492937640066
0.7481576793331747
0.6486326537371999
0.7174663603736886
0.7142178450786043
0.7434615266146263
0.714684316709423
0.7706672092836332
0.6949247638909871
0.6507899898519112
0.7201999144289153
0.6548842150223854
0.6954219751778027
0.7149195171816461
0.710305428512898
0.6820231129472669
0.7207470041765589
0.677726179160468
0.7282298374036462
0.7280549713828254
0.670880051462185
0.662877701275934
0.6943721640725221
0.6764746498351565
0.6596210162921704
0.6136233866577697
0.7000221472232802
0.6723952765940527
0.6598238205175743
0.6651128610365199
0.7108449855337504
0.6598160816422576
0.6982124423446331
0.7167096204495347
0.7291578180547686
0.6647371449128617
0.6948957580403903
0.6644757871925409
0.717268937059099
0.7205693312929404
0.7683903935425836
0.6950602851907918
0.7168288959632474
0.7460186948084401
0.730870984323736
0.7132246692948155
0.7052382537128089
0.7396768218549618
0.682568805175522
0.7086153016782464
0.7009093851018372
0.7085136876298307
0.6667712268935253
0.7124329686624323
0.7485541465238885
0.6542044920458
0.7633773946242336
0.6907896310548967
0.7722546887517099
0.6747413439793171
0.7173764641695373
0.691120016891805
0.6542550825519897
0.6973936043156089
