0.7839658263442326
0.7534972517561974
0.694603769613686
0.6946945965497825
0.8085931212138552
0.7749186696266958
0.8991989964545711
0.646732745367665
0.8618183505021049
0.7156000734826795
0.8275269042455902
0.8436535505526027
0.7458075157060831
0.7597184167654228
0.7633830884004849
0.8411104907621848
0.8360346088359109
0.8207842799463765
0.7776973429499145
0.7398019235389895
0.7509878122980181
0.7796208079044618
0.7188832356279926
0.7457019278127356
0.758060390179818
0.804136528061538
0.6989853149809386
0.7076439978572632
0.7092402374033872
0.742391553998947
0.7729565308103888
0.8168562332678472
0.8031805290089408
0.7990066247814795
0.7916072733366849
0.7029776192303456
0.7791340453010845
0.6948041426299497
0.7595239408084928
0.8030628086062345
0.7664750910144422
0.7297675923806144
0.7588962551104329
0.8253410102286597
0.8588576973667501
0.7911816549338825
0.8234013439704511
0.7092390643599449
0.8594518291738596
0.7788658280950996
0.7858451020784103
0.6741867579166619
0.6406800640362029
0.7596010154556523
0.8742266556658114
0.7054773683598735
0.7923403691954649
0.7900215191454362
0.7894564114502829
0.8145822465301497
0.7073745834144338
0.745754489121508
0.8704673867569639
0.7883354723084839
0.7951008867075096
0.7581763809708408
0.7721377820860218
0.7422607605883171
0.7980549931396018
0.8034582706125039
0.7420209655545127
0.7430578532015917
0.7636361527360576
0.8710754892535267
0.810769952169118
0.8371099084700502
0.7513138405235257
0.8046810754073551
0.7666922108831987
0.8180039185920416
0.72794318755943
0.796937929986182
0.7323722534062345
0.7404833279366608
0.7236064217900549
0.8847895016967723
0.7066411147240802
0.7449151711122736
0.7577532000622006
0.8320183820477309
0.7684157367371937
0.7384042273066656
0.7875709226722887
0.7619922539255817
0.700039176678624
0.7825482928038283
0.7303586967012592
0.7989100694456099
0.6566174847351965
0.8360629774501761
