0.6548480955064019
0.7442679159283273
0.7292771019175187
0.6819852575259532
0.6309470048805254
0.6372411995248619
0.6174830520553702
0.6640681809448993
0.6634161713184021
0.6266915158591578
0.747197083700129
0.6543499283440044
0.6866620420646802
0.7350896216676553
0.6581390141993047
0.6802770571124489
0.681012766935356
0.6008266683557165
0.7433663955877349
0.7046684022660262
0.6290126571686485
0.6211703967965078
0.665099075118562
0.7198619483735744
0.6705682391605512
0.6805300880368175
0.6840514210433659
0.6360515110975002
0.704363312038974
0.6549197534337532
0.7302159482550551
0.7041874515899
0.6740601803782748
0.6969118663316812
0.6495888246276385
0.6670911607945768
0.6919375726715544
0.5974686534070179
0.6905843873040349
0.7280604103022641
0.7173685166836604
0.673290984412172
0.710207969535383
0.6708285694350907
0.7190382203514375
0.6815906057257872
0.6929349504410067
0.6719710145011017
0.6643542134441157
0.6766605675222003
0.6840847696303086
0.6914238733758834
0.7264051029276003
0.7206344736229221
0.6104541741865169
0.6554426967684452
0.5706323887167547
0.6664028125644759
0.6441849002938771
0.6030327521816099
0.689573149433678
0.6749913883261593
0.6699109513866357
0.6566144257067259
0.6995499508725842
0.62058718753659
0.6883754677864096
0.6906474144182394
0.667238787202776
0.6924733154220507
0.6354144350613057
0.7079205005233088
0.6979335627082991
0.6534356009002902
0.6792622482332604
0.6870761205797947
0.6812189063871865
0.6809284376677126
0.6272154749541453
0.7235081103353025
0.6696086652324004
0.6199957784157175
0.6485159601047522
0.6775983313356375
0.7006239654473084
0.6304326815997923
0.6422074068299305
0.6554901940986202
0.7035203337447056
0.7089114201020094
0.6438226337495311
0.7019634936457616
0.6543694300825798
0.7240096828593375
0.6274001231168868
0.6877710679259114
0.6895378651194916
0.702351560375018
0.6601457585038192
0.6128767972396245
