0.8156424772155902
0.7024955857558104
0.7626691298799294
0.6154355281197209
0.6530930709643109
0.6825330767843524
0.800614591811947
0.7184954908226262
0.6531137745831789
0.7304331537725385
0.7166726746501874
0.6491456038228455
0.6564033105533146
0.6585009943648693
0.6514298456454587
0.7188256178374173
0.713211663140084
0.6892544222148533
0.7639052030019589
0.6808110657134671
0.7087419559405691
0.6983462466435069
0.6707703084038045
0.7210661745714193
0.7530944775676948
0.7222878650212528
0.6564134165891643
0.6927034177345508
0.6773428698047934
0.7255334641662755
0.7241523703419629
0.7174284884996163
0.6679390268515919
0.666911812483816
0.7312651424366771
0.6592892744664766
0.7309508960684689
0.7214212038348314
0.7198754754623865
0.7095026055748312
0.7617113431112731
0.7014222497245824
0.674477276600889
0.6923550176095776
0.702481626044949
0.6969501646212567
0.6787621370958421
0.6933693107551578
0.7090362739309959
0.7401479155269345
0.6988441846644623
0.7096551106543209
0.6601688459790088
0.6635907362868546
0.6567622281155913
0.6733888071059895
0.6947080829014981
0.629339957034096
0.7496238879230065
0.726167368833829
0.7676481402880313
0.6537055716432306
0.7821106360109286
0.814168549710618
0.7479246710848875
0.7565324244881922
0.7001153484601783
0.7323184848090786
0.5534286824827477
0.678664570755099
0.753282524024979
0.673700479782614
0.6701057096284034
0.6567167756761044
0.7252786676552887
0.6278109732110682
0.6691736971969121
0.6345596367849035
0.6502142789291664
0.6931441367255308
0.660911660881823
0.7569497382278249
0.6929148153178508
0.6519002407276908
0.6642853936272609
0.6575502385564815
0.6926595792729294
0.6789785267891865
0.652836897844092
0.594583093224682
0.7003770004861594
0.6396725042448703
0.690910623259246
0.6785942816814118
0.70122008289647
0.6470683538377805
0.6821314763558397
0.6724852594344812
0.7045645465338943
0.7385416891379545
