0.600830979972973
0.6083781379690274
0.7079037187817849
0.6559874089885779
0.6662227708937518
0.6648679914263653
0.709848976869963
0.6826241328751547
0.6636059843097157
0.6967745797510767
0.7066725835376214
0.6585280517482668
0.7052982824605877
0.7478421650290694
0.6931537844025988
0.7148860948944333
0.7099868567600376
0.7412157428004239
0.7227221942707394
0.6359102774763574
0.6624664732993205
0.6954900819696536
0.672827035314088
0.7084502127932336
0.6621499829670556
0.6266693422838898
0.6510588431066517
0.6756285458951878
0.6631591129947955
0.7650818020725464
0.6596452914474414
0.6596170192335552
0.732619661304118
0.6244032583706958
0.6661307346299373
0.6956672691846112
0.6870458132335538
0.644007490705427
0.7165630747766072
0.6640188061852411
0.7161392493478155
0.6302929637193222
0.6921390756242927
0.7267887431361896
0.6994305679981931
0.6262277268481188
0.680951991711018
0.6574775109532263
0.6397801645358281
0.6982232621453899
0.6937865100315402
0.6942485030815179
0.6477191777580994
0.6857610001551405
0.6164893790321252
0.7160861736408723
0.6582777278200017
0.6921429530700495
0.6751611542212917
0.6515520329369813
0.7026455926810368
0.6825961473851371
0.6890874920994748
0.6290157437173148
0.7255068225625
0.6843074746620087
0.6221270327140523
0.7310617491330111
0.6461942054738563
0.6804635550293007
0.6540073740754654
0.6700078500515023
0.669842168392431
0.6700780275359017
0.6625541546422954
0.6541252549100679
0.6750419846806568
0.7178741290640357
0.6674066114947635
0.6745265837289551
0.6891742735194217
0.6742176387765095
0.6526911559837746
0.6241589785739599
0.6608548340493388
0.7510107261369361
0.7071574386478071
0.6036076454913846
0.6989975035088597
0.6073730711743117
0.6498336678047678
0.711811974368122
0.7182209418934409
0.7198078425567734
0.6836641647487772
0.7373940758086686
0.6757806451631785
0.6532031738720034
0.7259198834371713
0.6662100905866898
