0.5832286606025192
0.6839399211380183
0.7004105137960537
0.7154497182271212
0.6912506058803597
0.6848676101996412
0.6371597537341821
0.6043081760113672
0.6692167735411831
0.694928570133189
0.6225693090669803
0.6160049482777523
0.7009488078523535
0.6439500674889342
0.6392296693860574
0.6639328903389009
0.6723741474988498
0.672782129122465
0.6692429753845841
0.7346516020110229
0.6547958619132146
0.6932765567906194
0.7240363566552586
0.673564931861333
0.7038857373238785
0.6674589485613956
0.6529343172538463
0.6970908541247549
0.6901383887867023
0.6092939970081624
0.6496905651447266
0.6491069767938921
0.6085894021973963
0.631929746444597
0.6934486922214568
0.6566152402663817
0.7198249084844399
0.6441025421072674
0.6617735151728709
0.668848257513636
0.7127006512446715
0.6189161743319036
0.6623048710132022
0.6988114345371949
0.6370186698534005
0.642291509571886
0.6286488809321202
0.6446187770635233
0.6835548733592103
0.6103821219117839
0.713741409244046
0.7206470271981041
0.6875964791463006
0.6790857806548136
0.7028309387441746
0.6574329617633918
0.7137990133378641
0.6495403165154741
0.6969945267570352
0.583805130367559
0.67186448643618
0.6443929066477856
0.6643767591986732
0.6621483788580204
0.7056674933948959
0.7050169228472782
0.6435448230431594
0.6285387620929336
0.6456005524735138
0.7271448839265958
0.5879022019152993
0.5591669151812533
0.6321012490299378
0.7186363351790357
0.6574065390180908
0.5971496273141981
0.686308688802538
0.6021282296966524
0.7274267575077333
0.6085852678208611
0.6822795088046463
0.712364747023168
0.7354352541007453
0.6752688249642934
0.7619978437849328
0.6743641631609159
0.6445461436006757
0.6748766389055921
0.6389829136957802
0.6689030427599556
0.6075865659663396
0.6816632301034122
0.6581526537769706
0.7146758276012523
0.7135034685809803
0.6950133289855848
0.6631785766866763
0.651608703599564
0.6542694187925142
0.6908226463214255
