0.794637355538615
0.7214163833406787
0.718091828762769
0.7798889451693124
0.7402011127003761
0.7343383168326435
0.7441779976175481
0.7657944473211203
0.7673732681199684
0.7855500181191091
0.7482808834517065
0.6957226753970319
0.7124670789954692
0.8291069856275372
0.876450489407519
0.6957511596006563
0.741550524726294
0.7969173638607684
0.6762707493232193
0.7653389531020675
0.8235472562655505
0.7647154207773742
0.8079401875765257
0.7122898908280756
0.7795901597162399
0.7244622657777763
0.8196568233294376
0.7256816494663282
0.7183613370694295
0.7269943429422788
0.7472648354455754
0.6569267901933841
0.715804759645599
0.8046949439629667
0.7933793456361784
0.7012209620934734
0.7176074102604645
0.7602856145190263
0.741472007308627
0.826595437101105
0.7430480078831248
0.8004601266184439
0.7483417526665443
0.7909674750790837
0.8485147956290712
0.8062919218500714
0.7538002841079129
0.8479202700274153
0.7589572972939583
0.7591449451784937
0.7039274324976238
0.6976876480945846
0.7507552355611562
0.7305911059709521
0.763600647139656
0.763966340566703
0.7415609736026723
0.79664401627787
0.7642791574282064
0.6733599091074569
0.7596459050823123
0.7603669699488129
0.7731188742103754
0.8300711978456133
0.7411955910978646
0.7095003867500728
0.7553766909897618
0.7469022509690314
0.6846331992937857
0.7385015699574299
0.7332946259483525
0.8431160935431208
0.8210372039653453
0.796525367676304
0.8211494522409336
0.7290316824015584
0.7417135378477487
0.7744820483858605
0.8078852473166787
0.7396157393263995
0.696328269747169
0.7362875597396205
0.7848884523272509
0.7781541596819657
0.6981682454374113
0.7583308006456864
0.7349624418040707
0.6843279866061067
0.7954088165228307
0.7591714676970546
0.7571918961730201
0.7404533236337336
0.7701061384738237
0.7742858808563469
0.6609416746825336
0.7506626693652914
0.7422771229112901
0.8331781688395151
0.71788485701762
0.7243992806890626
