0.8850049091546871
0.833689983445235
0.8890748952821431
0.801753806794115
0.825100306942834
0.7955637594205978
0.7566054580501882
0.6833297105656737
0.7013629973416361
0.7519224786684311
0.7393695524982534
0.7908865012863224
0.7166415000635344
0.7571316764734409
0.7573849115423477
0.7732616975396295
0.7464554877272948
0.7334451939523806
0.7416168562259003
0.663558040618872
0.764752323565868
0.7661274976578328
0.7433805783409088
0.7443661174344506
0.7271313620629598
0.7436418838336831
0.7119638536246311
0.8254730848802083
0.6793159387887798
0.733571323690076
0.8364092685898993
0.7790191620509066
0.740609961837478
0.7437417509728141
0.7863015205000793
0.7120593700803304
0.7878566868858276
0.8017294032333112
0.6538198307805109
0.8164557607050349
0.7935170860281893
0.7173127256025807
0.7921844196142886
0.8088107824586024
0.7720715994628413
0.7244575211838098
0.8496498163503012
0.9043235103658331
0.7318975781581871
0.7829663134646657
0.8305665492259137
0.7348072434345504
0.7108712313497925
0.7943448561402254
0.7850342613418096
0.6465688674241832
0.7432606151742905
0.6755688271283872
0.75019618738287
0.6693680517943907
0.7678257700172092
0.7804975526721997
0.7359366309443447
0.6957902327975789
0.7320656486627259
0.7446447112384509
0.735802030220656
0.6942570479932552
0.6654698548052386
0.7923643320593722
0.6957045161425299
0.719214008824098
0.7525695033619723
0.6407699067082414
0.7856911707167278
0.7519081874585338
0.8534967217339046
0.8061592858024237
0.659613324706069
0.698333281254176
0.7490300289756957
0.7442077916702992
0.7279656120499154
0.6861599348384437
0.7635320215256273
0.8403497628968063
0.7302894075488722
0.654331115564884
0.8084167632650401
0.7365494347356517
0.8035135344630173
0.7845754192170478
0.7371667057251652
0.7273636240938318
0.686325697654659
0.6679425247781573
0.7725305010185691
0.7832677969451597
0.7959995251937214
0.7759656757509212
