0.7460305733146628
0.7127502211753812
0.7825298970528853
0.7503136904650612
0.8129405446880952
0.7141212802735291
0.6736537719375806
0.7031340073646956
0.7630433338125345
0.7253272888388934
0.7331465580159411
0.6932265982116664
0.7132255252068838
0.8126663548605519
0.7246153165092384
0.7596060217410793
0.6866125599956153
0.7139001011640439
0.7260512565965298
0.728497167966265
0.6716430115500099
0.7227202400395005
0.7120716832884817
0.8180235025764452
0.7081025204034914
0.677690002215858
0.7680942612863896
0.735256473864984
0.7114428347142543
0.8115602523042581
0.7528166165919381
0.7317627927468032
0.729223376414184
0.6960860718741332
0.7214773841071542
0.7972586857336134
0.6993667929512949
0.7304048125189472
0.7244116403244553
0.6310346418689863
0.7231100159268866
0.7158482102708987
0.6848767873739953
0.7522186404496648
0.6745979658300234
0.7229501823076844
0.7020236108985533
0.7784762889334068
0.7616475937484686
0.7679091226825314
0.6878141565965482
0.7077174581896427
0.684275844857375
0.7283535187633602
0.7151423160805772
0.6937146440027896
0.7225538882037127
0.7203917924896348
0.7853897345063515
0.7436243996607851
0.7292758846533648
0.7596158242276021
0.6947664063624095
0.7785793261848006
0.7500650555720926
0.6776923260895642
0.7790576642750379
0.7353472597089075
0.7434319526194172
0.7144245238792263
0.7425382371285366
0.7596547085716066
0.721796826028206
0.7010154548283916
0.7308882075581657
0.756526192433709
0.7507089201101107
0.6707232976218814
0.6807821071219005
0.6857390641258593
0.6912056957575641
0.6961466626620052
0.7653355260489761
0.7358502287725541
0.7773426503473987
0.6790900371383934
0.6991924766560307
0.756181782217892
0.7449168271987213
0.6794951057297612
0.7180534433690128
0.7166959940603512
0.8044689823234275
0.7006466209123678
0.7205785512456842
0.773790681258765
0.6899446397688855
0.7597645778234262
0.7551808470818604
0.788249259162491
