0.7156171533681612
0.6636269191584436
0.6857733537961281
0.6879092432490945
0.7227103634415744
0.6418364752080273
0.6932036813987569
0.7223930532101781
0.7048724631209525
0.6996132268709728
0.7183132005984773
0.6733203418392237
0.7348914180771684
0.7406286981371886
0.7395488276205601
0.685413974902922
0.6723887489090066
0.7349432729144072
0.6990623571865167
0.6986590901319764
0.6202278730531093
0.7092998677078669
0.7072095976146405
0.7035445378886523
0.7415177302634208
0.6771397159624125
0.725252707758362
0.727798584355483
0.7269795134822461
0.7820532696022893
0.6561143617226174
0.7183055383716846
0.7432032107738409
0.7020092015711469
0.6658160308317941
0.6749079586705881
0.7254210760673271
0.7437176268116807
0.7031834157149307
0.7094643135344271
0.7226707462495975
0.6979027192799429
0.6084915200392066
0.6810792160505618
0.723992656752051
0.734396007391184
0.7264494599860045
0.7491268841907236
0.7012046566476908
0.7311901430169447
0.7151626297001851
0.693424630750233
0.6683435467444541
0.7148740079908203
0.6902215439212556
0.8218529046015144
0.7135783036025417
0.7197337627634777
0.7513541783472368
0.6761936813115189
0.692736233220415
0.7677917765081808
0.6850406310941455
0.7283212712191951
0.7280461242412127
0.7339066744198111
0.6524815801874225
0.7003625854509633
0.6625948255144188
0.6779980793754348
0.6957790063608043
0.7187149167752572
0.7363731141311184
0.7910167291831685
0.6814390298271993
0.7694855722808359
0.7173948160284888
0.7155142354722273
0.6806477877509515
0.6265591298771985
0.7922476631727761
0.6988943438038944
0.7111455122176987
0.6638776382591783
0.703270175537024
0.6692794986335848
0.698875565002913
0.7945929852515239
0.7148572790833131
0.7464799676009636
0.7287718352114174
0.6822136396171863
0.73533206023788
0.708491807299276
0.684251255669219
0.720421549194946
0.7294460749702057
0.6949891085068858
0.6906793121402718
0.7335322322117097
