0.7096269566391761
0.7359525503745926
0.6982406504350505
0.693022422373261
0.7243507831211864
0.7389029586970164
0.7013943680694245
0.7745975077500555
0.7212025007226242
0.7323404106180194
0.7083054390626263
0.739140881546127
0.7265210722930491
0.7116569630411581
0.7387333362034733
0.7203692020372872
0.697119906836606
0.7999403978634585
0.73614399882671
0.7303409733405635
0.7110134043743225
0.7140807760255876
0.7343723715684288
0.7475856796275048
0.7352404249309125
0.73596056610869
0.7137603361543888
0.7060899389446496
0.730677457868575
0.7067177647461786
0.7821046301939673
0.6372380080513828
0.6874275921179731
0.7307211022674566
0.6929427206067421
0.6968138211694689
0.7489838334818348
0.7297582391556034
0.7034745375693933
0.7199004121802702
0.6499928121692236
0.7169547304215367
0.7506937889592912
0.639167549671342
0.6983881368906321
0.7840078020558359
0.7896068973765064
0.6631735755896894
0.7340423365853663
0.6413032941204595
0.7531068882124512
0.6397932753421434
0.7177142308163746
0.7186044289559075
0.7131085462703491
0.7263891767642501
0.6800092028913063
0.670648107391508
0.6814786138143298
0.6893147821349045
0.817948694487784
0.7725801735369354
0.7423459560912056
0.6869290206115266
0.6258556049755039
0.714187512052832
0.7326386346730144
0.7668255993836635
0.6738330216271802
0.6542805684449043
0.7233632624911442
0.725142717532278
0.7288085869864601
0.6924212808453231
0.7180764733364386
0.6918242866892447
0.7687996867010638
0.768603767460214
0.6811832037529278
0.6808361249473329
0.7013445378887011
0.6599193952608506
0.6953139586214592
0.7748264635597
0.6760535126653932
0.6330529696955282
0.7076988489045153
0.7080138715088222
0.7387125492654223
0.7416628005507934
0.760577521532205
0.6480260431639198
0.8144783433879624
0.7158189349164021
0.7131695264808727
0.7052692723585602
0.6865644920983683
0.7290378711429025
0.765660071699131
0.6999843661123359
