0.7695789797629026
0.7034260026365755
0.7476275928562625
0.6963411403246669
0.7282565980272407
0.7697913775788325
0.6730072851567845
0.7294455031475376
0.684134662776168
0.7518600182539562
0.7358221575393951
0.7323039496242624
0.6733793205556093
0.7407193534421275
0.687786003721289
0.705671065022457
0.7492552877288357
0.7448356729303204
0.800069644581839
0.6879955333291207
0.7083080032783958
0.638386272421616
0.7486281400100858
0.7264452888649174
0.739291293592336
0.7511733781955879
0.7112992868079758
0.7713325359181162
0.7180544479336165
0.7472481635746422
0.8141194107253942
0.712425484135146
0.737447959699827
0.7275209833176656
0.7017453017767236
0.7168260155204795
0.7704581091203706
0.7484214698377685
0.7461852634389929
0.7209234364430349
0.699204775520206
0.7317908833653022
0.6781683686002131
0.7787051577279313
0.716350276022811
0.7384013519952524
0.7474795008529063
0.7695747934617078
0.7486533013036379
0.7343822088952094
0.6890967680461221
0.7775404551173859
0.7267704117991793
0.6718392602639452
0.7156115429794683
0.7478012559756074
0.727137942248853
0.8057255298663079
0.8172573082918907
0.6972711025903782
0.7563403765648763
0.70928987555104
0.7752860081142993
0.6843116259853923
0.7101369540495058
0.7358893375852394
0.7172198975198553
0.7267153234778999
0.7361263556104408
0.7169198593832516
0.7551841922292218
0.7412752302492236
0.6895093698572711
0.7677227359885779
0.7260053981027959
0.7789556629899929
0.7136144708477862
0.6928915906600049
0.6797703016994245
0.6656290546556676
0.701501312836073
0.7372974849868131
0.6858291513476505
0.7429019941410993
0.6966257914478261
0.7812493527138197
0.7045730640643542
0.7242549977461107
0.717293886716033
0.767595048069309
0.7188073214483331
0.7048157878726116
0.8000706871880873
0.769446211471211
0.7252918184418147
0.7021783099643129
0.6514661112282083
0.7416883173019014
0.7143615299764232
0.7316144789454078
