0.7177399304193014
0.671017337186863
0.7505774139975427
0.7300413878079662
0.7069458134184567
0.6615838818467268
0.6622600163567727
0.7053412671394077
0.6778721166030562
0.7020659935291227
0.6822428920741451
0.6937292081376918
0.716709385303358
0.7191276540156327
0.7004443635402652
0.6711842587819398
0.6953703407572032
0.6635131617951678
0.6318129287960509
0.7561987428545485
0.6905222490989832
0.6511260627536781
0.7206970615431496
0.7123395608859728
0.6608005444403149
0.686476897006774
0.722611416198262
0.7473362997247125
0.6785376249432916
0.7060494113607682
0.6610401676786958
0.729767861792665
0.6638934787752065
0.6814401284986077
0.7157785721730702
0.6535387163164025
0.6855244497269892
0.6910400040476075
0.7188648441204413
0.7123296704402298
0.6598020760619484
0.6969331439049542
0.6779928508195128
0.7031654547177373
0.6898070256083975
0.6791536718018455
0.6853598625775466
0.7196232235699992
0.7116958054170986
0.6600511224387628
0.688868838088612
0.6715090913433908
0.6717854564300064
0.7189016549023566
0.703125442404637
0.6853205873879498
0.7151345820158412
0.716356952478973
0.7248183497206365
0.6889923302571135
0.739939166656757
0.6993592061869729
0.7077664733457216
0.685490635342531
0.7088888964435742
0.6079408706326946
0.6616968200461038
0.7412394275299897
0.7239238842323358
0.6843054218481723
0.7123285285278832
0.6666519362332216
0.6991326268202624
0.7104759236481709
0.7081189549736042
0.6817786357586665
0.6741144407995633
0.5989551228532696
0.7233598476716151
0.7568497297809065
0.7123219514005966
0.6858592948389298
0.6906538232801361
0.6931599537163805
0.6504170876107844
0.6982390141031918
0.6218753794020304
0.6648408460866934
0.6937622102576849
0.7062308291179213
0.6918528885182801
0.6919674052755759
0.7490940746070461
0.7152982885231589
0.6783052205106085
0.661137997111996
0.6808058160750456
0.6556944464608135
0.7103321963336584
0.7491257659451515
