0.779406522933837
0.8355109673245504
0.8368988521770304
0.8493050836218436
0.83190630534701
0.7579483230340321
0.749062195556008
0.8347810850934339
0.7431326156081373
0.8135386382202139
0.8393690274218963
0.7717599516848063
0.7576198857376403
0.7943614101339307
0.7369895890613685
0.8755784888910115
0.8402240422476243
0.8339843852407313
0.8706572510986492
0.9369250133959595
0.6190032311707429
0.8544769195416423
0.8625661680482096
0.7967389947965032
0.7990748758748005
0.8467124326189984
0.870841498147214
0.8248936096642792
0.8525945384471775
0.7272651176132587
0.8045534143154693
0.8849731069267401
0.797921791383488
0.7545749165005252
0.7216786564207253
0.8247401374573969
0.8079341599859325
0.832049810689982
0.7716510036520959
0.843719030373744
0.8559371482957535
0.8028199249112157
0.7719167686011008
0.8064251424893063
0.7918111663709332
0.8199984247043398
0.8172673659157208
0.7273962106873452
0.742844841842879
0.7469130893039245
0.86969566506576
0.8168842606471525
0.8142852577807487
0.7966460761456644
0.781464511141117
0.6824950105984513
0.7394474565559401
0.6751647217088567
0.8335652530060695
0.7491984112236194
0.7186259676023351
0.8386154750469782
0.8455684865710068
0.9063807005466887
0.7651311296781822
0.8852695061633398
0.7766255169202175
0.8486267613581112
0.7527880130913938
0.8197448478132028
0.7254018785267511
0.7872279100497438
0.7676296003617726
0.8048616844157291
0.8088818775351273
0.7862966261134997
0.8208633827957625
0.7734535513584445
0.8461503271596506
0.7537883274480325
0.7793870188573334
0.7815483266511192
0.7472205783867659
0.7969652520280703
0.8442661445979823
0.8032998951050637
0.8347408456060738
0.8341930562384867
0.7982767568395146
0.7814975573034025
0.786232535043847
0.7997388038681178
0.7448819912000397
0.7936874572341296
0.796604396794225
0.7418874911762325
0.8170387900625043
0.8684793864047804
0.8195146401854022
0.8061859066737186
