0.6825486547027512
0.7869606269848538
0.769205649922223
0.8477919447973774
0.8343162736494124
0.8415678786002531
0.7751705182905422
0.8024992195988565
0.6905755587389424
0.7771131556076281
0.7355360630846812
0.6936914189726978
0.8675577397956103
0.7539578035932222
0.6566833457994617
0.9216898227383412
0.7842909242572305
0.7687784451800044
0.85589856886832
0.9070329558891119
0.7668481678447305
0.7933277078543938
0.7858412462684857
0.7901786125439584
0.7901309196466229
0.8239581148229611
0.8183306099227916
0.7777343794853865
0.8143546963349324
0.8662448641797433
0.7581701925730234
0.7905946933139739
0.8766998359985781
0.6290059682025291
0.8245244531135655
0.7718489611681326
0.8466383357558104
0.7656744499995285
0.8499905080508506
0.7636772063636017
0.6975750943567938
0.7790651267149591
0.6945209343502331
0.8261957274993746
0.8022016324258898
0.8140767190619231
0.7884051553147183
0.6862605412342515
0.7016562201974992
0.6510789264336546
0.7414266890039155
0.8046961817281079
0.6538249729624092
0.5832181175825121
0.7887184915255184
0.774042537706998
0.655011729301684
0.8221779405466472
0.8638752548707207
0.7662430948951775
0.7671631817139574
0.8439960399076232
0.7348124155344445
0.8336296321571907
0.9185733101530027
0.9314166480758204
0.7323566125097799
0.7505972013690236
0.9423777067703627
0.8204266461967137
0.5672080343170548
0.6592347322065205
0.7768931949240226
0.7960982492964439
0.7600672239657192
0.8148500029220958
0.7250254737625674
0.7330432808619042
0.7989952393778997
0.8001026975751996
0.7899542248356748
0.696576024426103
0.7354767737085505
0.8149265247316348
0.8886669510893561
0.6639361533554246
0.8309190916095377
0.7676372104202153
0.8304831174407269
0.7878778850601781
0.7699037150612563
0.697001092329113
0.6700637654411854
0.9168647754388399
0.8272767676334454
0.9167313505802445
0.8327897536778027
0.6770943780479405
0.9374201009625824
0.7885632508180168
