0.7028154223570405
0.799667886287622
0.7838073580835757
0.8429372345375836
0.9076210695373985
0.7834365483885029
0.8262554811868532
0.7379430448292761
0.8361887844003366
0.7770278047107086
0.7594460540245325
0.8066773588987316
0.8459286123559419
0.7752395118244517
0.7668351520837818
0.7131475073429292
0.7321866389187689
0.8025641287784591
0.6928155174614262
0.7509952382041661
0.8241161039378896
0.7754577874967512
0.8502380053134749
0.7719933565789924
0.735561031838568
0.871230438844502
0.7733389371251195
0.6900379786862424
0.765225576554167
0.8551058339839139
0.8072030762689081
0.8196134240863024
0.700763024497619
0.759064661274841
0.9199786346124095
0.911955351144488
0.8085058286955428
0.7861360616835933
0.8135823800790601
0.7477720076608467
0.7560103096607521
0.7243171408496136
0.7228585575510739
0.758739458294639
0.781066939189442
0.7802522462491933
0.772693705610173
0.8145026267733343
0.8176180552803157
0.7814125924604972
0.7559598901606119
0.7921653320885012
0.8579338034369124
0.761209800901233
0.745329350855901
0.7691611031813705
0.7902827977601974
0.8776128507521781
0.799063946454717
0.8418855139644373
0.7250918928799533
0.7286571268523475
0.7809475567424538
0.7965418312968371
0.826260137642193
0.7736730767981286
0.8301596604587652
0.7943392011897601
0.808133430789502
0.7494041806073952
0.7726017933269157
0.6903254767247252
0.72080768956803
0.8068244088624987
0.7948956158639187
0.844872897672987
0.8000905863268738
0.803078354854696
0.8218582424396574
0.864139816270894
0.7303133497566419
0.8369403475450105
0.8434280789288661
0.9123056435437515
0.7717281875454195
0.7108242321672441
0.714716029350848
0.8110744176759288
0.7529946616354957
0.743600700265722
0.7995312140464267
0.7932303875923625
0.8662174187893834
0.8409629494512035
0.7302247304079712
0.7223810522538637
0.8085804665027123
0.7894148257438452
0.7308569763274182
0.754936959837763
