0.6315579872092102
0.6471889576793487
0.6206217235277389
0.6056015530967427
0.6703887337709726
0.7412536030266166
0.6801154811057021
0.5940742235517625
0.7331571563204087
0.7216334286349997
0.616336663976188
0.6745093194909592
0.6465302760090027
0.6558431802808354
0.636082425117384
0.6120319145072558
0.6609429675151697
0.7233449390603361
0.6439407985701561
0.6535904881745102
0.7456234519674522
0.6717868310382269
0.5977174537480707
0.6428381793755169
0.6669528908995387
0.7288225639546916
0.6684850081081262
0.672805825608215
0.6655906296143669
0.6436320755692276
0.6711130813682359
0.6092902095228686
0.6576059585587968
0.6784907089157627
0.695606823593352
0.6140103126779872
0.6509843459830674
0.6980767924263931
0.6176151871811305
0.6769576938219329
0.6410961103319963
0.6800394725632307
0.6626470429740725
0.6604643180142541
0.699564626117672
0.753844482480599
0.6422087441172323
0.5978228101143283
0.6213245535242904
0.6698510539030369
0.6172878457255313
0.6636841738708565
0.6333724364614899
0.6805551037384409
0.6326915227465862
0.689685659240575
0.6505651202265237
0.6637400603078467
0.6565499867928857
0.6174417802239572
0.6585485183078077
0.7983465593530555
0.6667159370013986
0.6244468206385261
0.6608667740100416
0.6880576892091905
0.7318183431625949
0.7030531498576432
0.6906900049532857
0.6185019950672087
0.696511998985025
0.7067636899891767
0.674673584834837
0.6768764143765835
0.6997809832675861
0.6318736440596621
0.7333129025976477
0.5741519094698276
0.602403669218946
0.6030084018487587
0.6144797549908343
0.6913188475344378
0.6128396722843209
0.6493082935513821
0.7317367799580974
0.6656177091608888
0.6565709130794739
0.6973253484319869
0.6052341843890527
0.6642508811246498
0.6661699553879665
0.6701328583943034
0.6702943610716205
0.6218341713035598
0.6755608083937319
0.7388709362577193
0.6479777906530318
0.7075137824611005
0.563590230288665
0.6326710753552381
