0.7096341556890187
0.7351064808373832
0.6784969276027737
0.742304596541122
0.7363139839109448
0.7279638426346088
0.7368155105074753
0.6503873053792842
0.6857755622657656
0.7335644574738222
0.7830732767518308
0.7528555687099278
0.7182668762684726
0.6740914490997332
0.7774176969053462
0.7738563269747799
0.7502931445314376
0.7798771642285711
0.7125077569633271
0.6974155668501593
0.6638486110131195
0.7400124477944805
0.7478543720710541
0.7131272970327776
0.8098696598591218
0.70100296091309
0.7034459040934277
0.7577550603910788
0.7795291962965043
0.655986762241616
0.6934127410006589
0.7103348971135389
0.7337996224099136
0.7222199458696664
0.7654243547975573
0.7322972649382888
0.7684724279444652
0.6410086482325401
0.720188434946513
0.7452602884165413
0.7156840310489352
0.7613102264901107
0.7378944635398434
0.6433123974656324
0.7778912605179387
0.7491235681517829
0.7583542054982872
0.7719012671602519
0.6579885569785874
0.8072634040009066
0.7465903519595167
0.7859884861050637
0.7027084538638
0.7189196719055898
0.7371955054280839
0.7118147847543281
0.7053582432451998
0.6982263124762543
0.7147487471740821
0.7758673578067802
0.7889725294237763
0.6943925929225797
0.648316238344581
0.6977454735315358
0.7158391881183658
0.7494763823154943
0.7605043851859252
0.7490805407104821
0.7381648238174907
0.762747774345298
0.7094475103241878
0.7233842041371221
0.7218854053446803
0.6499360159509671
0.6496825089661173
0.7514925498569044
0.7220589632727421
0.7723709239708594
0.6821311447493654
0.8052573408834445
0.7611444114038294
0.7151566141418251
0.7429195604605698
0.6953901415947386
0.7381927977313948
0.7118043224127206
0.7204007594958435
0.7207917109267903
0.7438664067453655
0.7642945184380855
0.7055013827711644
0.7945911173050125
0.7464114185040692
0.6742294316502484
0.8159453089568819
0.7806293962391853
0.7251838995496734
0.7524492034577923
0.8057393669775045
0.7420017999748417
