0.6445502011683655
0.6108050187846515
0.7100047442126672
0.6756615314377141
0.664662604212495
0.6836269923155092
0.647607656035918
0.712702357498101
0.6674312575591871
0.7200843025258987
0.6447036495576469
0.686368621793408
0.6673139367061415
0.6563091999624832
0.6707814815898954
0.7289648818456241
0.6632448061026411
0.7317563884710548
0.7012156165825728
0.6975430099036414
0.7046272062369038
0.5945948305624099
0.7214512545973891
0.7080962327897892
0.6413926606442073
0.6708840192263746
0.6768679945922595
0.7076577851765865
0.5657027073438514
0.6844586763563161
0.6779935698515582
0.7166307679619579
0.6403050325909331
0.7127319042095098
0.6994148205437654
0.6791034893647584
0.6438530501075895
0.7341357403256878
0.7410316875647285
0.7096673892681888
0.710831223850424
0.6924281909471529
0.6906033504094435
0.7001498201088011
0.6627126057823578
0.6748968815281304
0.6578040447909237
0.653394404305365
0.6538828502061956
0.6771391060269788
0.6748352799841355
0.6499700509929778
0.6614953546652275
0.6821243118387021
0.5916047861686161
0.6125286047872321
0.7024733245974443
0.6143345023932079
0.6911698930475304
0.7143031074591234
0.729863800991858
0.7183634702300564
0.7060405010607524
0.7006252149968335
0.7410579589054578
0.6282809205368391
0.6407670406152536
0.774374057383957
0.6448797886986162
0.7327198756048846
0.672468452973187
0.6969686713165388
0.6758288385733803
0.6448725874360162
0.6545518544353791
0.6989371889945521
0.7201793601372679
0.6735928383737404
0.7395905223770413
0.6911533012866188
0.6706066230338954
0.7033974372505525
0.6223804299596475
0.7574412073796934
0.6471396681620224
0.6484543283561207
0.7232610841995496
0.7073573296292817
0.6768081542115295
0.6702212248471713
0.7014522024864405
0.6510678384218853
0.7142520717424723
0.6078187644855101
0.6589432152279577
0.7150707087300066
0.6982069910909501
0.6310234146654357
0.6470024081273853
0.7185132712435296
