0.7109174056925933
0.8170072830487192
0.7761708700030295
0.8032736662669628
0.7536532496771365
0.765168961940317
0.8234886004591138
0.7840228169727851
0.7763934825057359
0.7439334479598121
0.7589206927221631
0.7639686897599328
0.7109753196016384
0.8128836250807059
0.7105962731800666
0.833748783343195
0.7564385926158402
0.7985366369150839
0.7548535422747737
0.7683821463217794
0.7156443674236176
0.7417765560065323
0.7799877104076334
0.7175954375752199
0.8465654588036781
0.7669294664236788
0.8320620849018645
0.6924988120507874
0.7584318612104134
0.7497387031458621
0.7034341800866674
0.7167490104116125
0.6952729685782075
0.7653872086072733
0.7913858323181376
0.7639236918396539
0.7436292002056003
0.7569200757327803
0.7548677464419921
0.7727411583840826
0.7840305317638038
0.7269903105629308
0.7450646240867618
0.7539158110248207
0.7164109560778261
0.7278685550776149
0.7180796246704061
0.7725019273175026
0.805560220329274
0.7756196252680776
0.8101935340623747
0.7617448415226699
0.7573209986956713
0.7657743962887884
0.7795778596863638
0.7702288374747603
0.7534674972154908
0.8151916664449753
0.8288975957353798
0.7838675451851118
0.7250387939844135
0.8287362501536314
0.7441203836490586
0.7506555030856066
0.7618083784323638
0.8452347670109618
0.672712350789329
0.7816926686652091
0.770495900925515
0.8032187423303762
0.722093308825588
0.7187734481463833
0.7788686932734653
0.7700342601037725
0.8202745753468001
0.7965739780465972
0.7499701078624758
0.7567046594719107
0.789642251528236
0.7689835577882611
0.7419987974238227
0.7593561462783502
0.7087242699652727
0.7483264075325872
0.8003568526033611
0.7511396503151819
0.8459237948350936
0.6811141694517151
0.7528076050522768
0.7961339651688436
0.7607352594284127
0.7634407408589835
0.7910450708151675
0.7460271537021196
0.7932941566375312
0.7444897212178355
0.7428197864070407
0.8019153624166586
0.7544249316266078
0.7564049423915988
