0.7339101501766444
0.6936530408079228
0.6884978144108133
0.6463736563200323
0.6215949233541423
0.6886978549687499
0.7099914314372963
0.6462004421564271
0.663479752475226
0.6667037483680693
0.686183357629843
0.6420130608421762
0.6850203162316525
0.6544668835150731
0.6744585049180671
0.6688949328399113
0.7124836324443794
0.7160566155103737
0.6849938288980528
0.7123155229550452
0.6921539837659686
0.7252679502216133
0.6823788102809513
0.7278500940758716
0.6655453300884254
0.6390980261655299
0.7155945562788266
0.7325990571409127
0.702161470361177
0.7120799019095791
0.669426278695245
0.6496807732810426
0.7050757138957119
0.6917097006622616
0.7175709492272982
0.702957102260074
0.7334553033085018
0.6851903296483782
0.6940958996402762
0.6746718140044029
0.6690476204782965
0.6981627301164982
0.6605953443067476
0.6492215707472689
0.7185142182996451
0.7223802027516759
0.7194000615560612
0.6746385584651506
0.7384417206088041
0.6803456457347481
0.7109709630263036
0.6698657989959127
0.6910395234607669
0.6445650176322143
0.6787929566088933
0.6871012800389724
0.6878808194625513
0.6142840939470046
0.6487763932571334
0.6448407179779112
0.7154614850571746
0.6875901713941289
0.660703370861371
0.6857089150149432
0.703737626771567
0.7831714725973432
0.7141652746879137
0.730014278139911
0.6133274436841286
0.6658051104886292
0.6544222872514482
0.7061217282008131
0.7074406070907115
0.6634614097854198
0.6912843848741541
0.6512363453124312
0.6847980949930641
0.6550893054410543
0.6329978048369977
0.6755030051443721
0.6702908359689461
0.6790722543840298
0.6999126499384931
0.6982121757513867
0.7131708051523241
0.6810481355079315
0.6558653617576647
0.6353567450938274
0.6246927304104326
0.6972650883625193
0.669541880521741
0.6278048008732617
0.6818755480545031
0.6603840425182658
0.6710353574965451
0.6389443696465463
0.6960527648833529
0.6247976422959242
0.6708824130942838
0.6877953068223734
