0.6861623222250919
0.6161030525616121
0.6061943281121168
0.674550178139064
0.6206505920678471
0.5943319648083658
0.620901629956174
0.6704824928928103
0.6316388203874912
0.7403211191611265
0.6729811531436565
0.6587523825527997
0.6563423817279715
0.6853737069710597
0.6701010451565083
0.6105363225331171
0.5785453892896193
0.6717227045624766
0.5720992330570202
0.6884663381581125
0.579041987147111
0.6755589969277844
0.7247802056574589
0.6113121909653364
0.5865694362510692
0.6712588326567415
0.6111233978228562
0.649378319776234
0.5779331700936543
0.6230471243162559
0.6518564739833349
0.6565438362351305
0.5928536970364755
0.6589029059966254
0.6242963633930176
0.6166023132940411
0.6611269225506196
0.6191743163739813
0.6237350330153456
0.6069512653083909
0.6506542934776112
0.6644475346850687
0.6640305448273851
0.5563702464333066
0.665421149384986
0.6054823152500184
0.5545710719908351
0.6032459135844661
0.5880094850550697
0.6725945595358921
0.6561100116720284
0.5774815412968675
0.6273221689311842
0.6732353790159231
0.5824364648446633
0.6302713660334985
0.6119288833994184
0.6211920893483555
0.6826423493613262
0.6249911523311711
0.6528718849275548
0.6495381834380798
0.6241777360087664
0.7255514919203134
0.699291544274178
0.7009799580767772
0.693534616996381
0.580669552033965
0.5936723237666507
0.635386516543247
0.7093877027849879
0.5831959990967762
0.6564171164101745
0.6559672124950479
0.678152180339764
0.705767895911545
0.6467602083355777
0.6441369896320686
0.5845375098263613
0.6509194387624511
0.6262105068952795
0.6229976267784957
0.6648640123835551
0.6224433260540917
0.6362427938499523
0.6036287889629233
0.6298676839119127
0.6384644501483602
0.7037118820687213
0.5940659399766904
0.6733448996644384
0.652741373541231
0.6411341698285115
0.6599925305883603
0.609912159378952
0.6230390036678921
0.5649192368510233
0.6573452445398464
0.664432744924781
0.6412843248909019
