0.7700387610522056
0.6554908792590031
0.7389011364557837
0.7150553081544395
0.8246751158938906
0.7481940654801986
0.7157578480757731
0.6663435197893464
0.7967767122143653
0.7183435237017771
0.6943507219766819
0.7123752107481925
0.7856658727510144
0.7404535596018095
0.7693683133444462
0.6827527455785684
0.8298475897615236
0.7293140342594214
0.7105907240686459
0.7452267305103973
0.7537754185900075
0.6882086016365944
0.6800972690889879
0.7235437676324162
0.78114488218123
0.7281913682171929
0.7261619935186215
0.6417942420323515
0.7961914937527965
0.6829027929563275
0.7241688369016047
0.6978378255698139
0.7240158576719219
0.77158211243863
0.7656213917310912
0.7017799779577589
0.7261938503484702
0.8130011235794804
0.736575340764705
0.7407604475725024
0.7077775843967361
0.7229290913322236
0.695233133712961
0.7883704039224957
0.7301714756222792
0.8157672734171567
0.6851727905046299
0.8047639185226955
0.7744108861123733
0.770407966884132
0.6999325970038066
0.7446483829021696
0.7950518610378042
0.7330829043918308
0.7532552701036394
0.681417073981755
0.8204068122278289
0.7031220978191717
0.6929642287747281
0.742446428825451
0.7347331485128252
0.7187659103376028
0.7757874575666919
0.711681604399032
0.6626638302851047
0.7168149788781452
0.7830251880381437
0.6639081623942552
0.7868605443017385
0.7793082504775358
0.762084248396738
0.773370101584153
0.6791203450358606
0.7370423918814598
0.7459525973038352
0.8208058492493211
0.7443799216325895
0.721098882936801
0.6866941742951908
0.748010900927644
0.7781900958925455
0.7400867342027966
0.7478272492051027
0.7790835467928736
0.7819763802522823
0.6398583888028575
0.7242228456544354
0.729253069443631
0.700807914865755
0.7622768279684663
0.7559247582927373
0.6672277805057587
0.692741014483413
0.756311896747835
0.7582690793756041
0.7134027559676501
0.7432270975011513
0.6974067266568609
0.7197405456913702
0.7335320922562949
