0.655368672186265
0.7362472644663174
0.6322368179482156
0.6188162289569572
0.647884641782194
0.6844665847688912
0.677995154810247
0.6168530667985693
0.6186197460305031
0.7146299922018486
0.696255365204307
0.6581391863872499
0.7062828221274825
0.6763260689486039
0.6624208007725209
0.6396967167291647
0.6426593714987504
0.6491262701907237
0.6688239739132781
0.7040464591486413
0.624365406100898
0.6724074701029247
0.6620031668281875
0.5682000004868589
0.6220902421576696
0.6849025158578715
0.5905579230757725
0.6313811371634438
0.656863866673451
0.6883822177351459
0.6530266452900187
0.6069054244191298
0.6101878084780274
0.6205127680369188
0.6240973128198514
0.5964970282556744
0.7498232381462051
0.6497864935773952
0.7063600445949206
0.6154950496154961
0.7013197898831782
0.5755051772561094
0.7016341309203531
0.6692380448880708
0.6756451547055334
0.6394074417455287
0.6490413830466943
0.7200756884942688
0.6575016855604139
0.6731316030292479
0.721957242441648
0.6577549862178201
0.5997072299349836
0.738426124092478
0.6310189607278397
0.6011914392743709
0.5769095788894202
0.6777989927655658
0.6840980238130653
0.6421486709328786
0.7028397308209053
0.5990657351711455
0.6810719221939093
0.6394461665442435
0.6863568722946535
0.7279456656571301
0.6910221804150611
0.5889577116099789
0.6546638342607045
0.6476838724855633
0.6646457524424702
0.6414928550840769
0.6257568052228938
0.6464427965972923
0.5841559106117108
0.5683801161192755
0.6437690550579883
0.5819916793072589
0.6405746504171771
0.6644997263729839
0.682257502276744
0.6660121760563263
0.6535662837911203
0.6659542024707129
0.6705045758852299
0.6381828643414138
0.6345594462055465
0.6721342759395099
0.6084331403986953
0.6929320990751887
0.7054888594110985
0.6454671852155511
0.6907240805452495
0.689938328875118
0.7342116094497334
0.6185122068846731
0.6511491612668878
0.6953412371861357
0.6254648424692718
0.641524216983674
