0.7240217256044125
0.7455952100081268
0.7441840170407088
0.7695368651550399
0.6949758756688005
0.6959154513976433
0.7050883688090397
0.767543451230089
0.6596933825465218
0.7806903299029166
0.7558412738356622
0.6856563620837237
0.6795715848465556
0.6924949865549741
0.6444915281154162
0.7025143836400873
0.7684243971900311
0.6988265457074826
0.6830776844054592
0.7024716859852926
0.7602655410054289
0.6992635085943625
0.7091991029223591
0.6829734137693844
0.7835940591237177
0.66156821138773
0.7094686849361128
0.7121622535658007
0.7043961702423635
0.7085260197802975
0.7206996340626198
0.7009840746506548
0.7709230352052246
0.7372619479288225
0.7408525075550246
0.7446087026691873
0.7044566334614265
0.7226959361965872
0.7573066631240335
0.6975959418171382
0.775357488684511
0.6245750060032365
0.6709495872840678
0.701279777229287
0.6668511708013292
0.690513526140038
0.6656912571212866
0.6959046233933956
0.7067707392237075
0.7082936768360973
0.7385916097359135
0.6987368753300384
0.7227480385183466
0.7422171618108308
0.7175621783240835
0.7334657771114188
0.6854701162582717
0.6109238867611427
0.6759039194549604
0.670581469741632
0.659171346214536
0.6642053753437558
0.7169650574328411
0.7555357074182137
0.7648024080667922
0.6798224467883447
0.665709204524193
0.7580537520277367
0.7430334415304343
0.7165188982052869
0.798636108668703
0.6774380216979302
0.7473205023892592
0.6745986584683654
0.7364789825518677
0.7307707433132259
0.6799689709394034
0.7394324936659159
0.7318415920133122
0.6620599908626613
0.6756187478655026
0.652367756631189
0.771996902817813
0.6894291281124355
0.695214318992323
0.7759131959697269
0.7696244142938761
0.661095571923623
0.6799743764004736
0.7130759643105441
0.6545692880083714
0.6984159392935969
0.7270384996720277
0.7063105318200069
0.6716968737223996
0.7176162999404937
0.7050539427986666
0.7155738071730999
0.6988605441948074
0.7484050959481697
