0.7611672252981616
0.7719569529156373
0.7573480805583437
0.7593561558677149
0.7388376990402516
0.7660436050935924
0.6957788634247154
0.7155393832969464
0.7161809783017906
0.7170379557114415
0.7409437743148003
0.693475431006707
0.7167901858515019
0.7118619330982782
0.7181757143912303
0.7239013087877195
0.7238894472246877
0.7915168274491527
0.7212500393952936
0.7294739718394194
0.7550093229204328
0.6767075866507013
0.7782504630556792
0.777239915638219
0.7093700044117478
0.7367310822889094
0.6933966245555901
0.711111998171789
0.7609169352498626
0.6841536442288446
0.7371997673380271
0.7679018876400331
0.7429864413415426
0.6862239246047735
0.7434527063109662
0.7823947634493067
0.7580713211523181
0.7472071404667496
0.725481903990497
0.7530197969810113
0.7343274500821179
0.700174771734972
0.7145415375292005
0.7431827952540271
0.7097804885221675
0.7100542842627158
0.6829375719716397
0.7375537740598658
0.7719637462760662
0.7482740726848462
0.7554627562653701
0.7311888544142112
0.7678634775462613
0.7243264821423518
0.8024167705385725
0.7163444129203382
0.6963741484150696
0.6921453126605682
0.7693269702272119
0.8008024283738302
0.7288654574956391
0.7200145728326511
0.6998693361350933
0.7537926493050844
0.8035652291474643
0.7536976932034205
0.7207399906972448
0.7694783497171005
0.7076723546390767
0.7313759386811927
0.7764735705515857
0.7255258696370496
0.7784879558920657
0.7449552515604174
0.7325641875105512
0.7140875831095016
0.7368154230708546
0.7456250954658148
0.7525051421422257
0.7258079773028782
0.7037538261890677
0.7587576862094209
0.768883561985301
0.7245734152875726
0.7096929127104622
0.7094451406811824
0.7214896713672618
0.7190536563258295
0.7096244717707632
0.7718029600826746
0.6380003290429722
0.7318060818174225
0.721611574046509
0.6652143086646781
0.7739225065059907
0.6926792825499023
0.7421653670573403
0.7384723309099249
0.7250442389940549
0.6890845780928667
