0.7187745758401944
0.7302874504780902
0.7245030136870558
0.6904445869660534
0.6708827117454835
0.6747389347907254
0.603571938545891
0.6126652193566329
0.652601049032561
0.6932827979780886
0.668338488043267
0.6647374480249572
0.6785992798896523
0.6790249126562247
0.6942258722995753
0.7201720512933845
0.6452536446839237
0.7223082367859855
0.7179408828787897
0.7011278450745065
0.6218650096472322
0.6497718545062041
0.6975557215735836
0.6851204718935003
0.649825414519553
0.6995558428291048
0.6296032906529334
0.6354802660414488
0.7318860205937848
0.6894846631190538
0.6905041699282399
0.7507829053392276
0.6760739060148216
0.6528916622252381
0.6831578126686154
0.6868865547360178
0.6932474467100206
0.6719876503775214
0.6842195282508122
0.6547060143387232
0.6677573553544749
0.6951319525152548
0.678597386975106
0.6929431256865234
0.7177480099459173
0.6601323388265782
0.7229595134189603
0.6742966469876222
0.666230131667208
0.6700485973326448
0.6850339985352439
0.655522378796045
0.7442385156509147
0.648946383474023
0.6698149406134339
0.7428544043021138
0.6750335771671894
0.6580291045270004
0.6774531352552563
0.6919037280416882
0.6864004099205188
0.7131604217000406
0.6733113581945159
0.7005706439850204
0.6378608097506686
0.618432429775052
0.6971405458043124
0.6925130897851564
0.6895962132682357
0.7063232279813917
0.667310007843449
0.6693087006301205
0.6542365955064213
0.6140661259334155
0.7116442890370508
0.7214080944152691
0.6920826894598279
0.6675921840542138
0.6377103248287109
0.6582835757175408
0.6781934323831161
0.6895281188692838
0.6998410888579548
0.6771874539388785
0.6235309809624198
0.7343958330111499
0.6616294207754219
0.6873446755034339
0.6447871047744103
0.6614232990845441
0.7150228511140022
0.6879991512165258
0.7703173106479383
0.6342825641380121
0.6667258014512712
0.7261906354417537
0.6912538054635241
0.6101982170241851
0.6624458336251325
0.6973706767008134
