0.584682477576826
0.6259627690463367
0.5972779840639522
0.7027148079764487
0.6520364828127014
0.5988730594534407
0.7216501357498426
0.6202116856959101
0.5254361923514894
0.5914245725794125
0.6685631975232216
0.7088190683526534
0.5172470262909773
0.6138825696314691
0.48732607706943587
0.5167585196607973
0.6005681703388495
0.6634924835120579
0.6311069945558316
0.5943472252306135
0.597745391147813
0.6083029944572975
0.6489837517290675
0.6186769288872409
0.5963505510786242
0.6168480999868099
0.6284528547082017
0.6629456241060854
0.5904078147274427
0.6727280995115538
0.5928130292731172
0.7004279470148338
0.6156715403098031
0.5454669225665983
0.5329836713626184
0.6384345746088511
0.7385378434031378
0.5645563073911436
0.6303502888085527
0.6215867373266528
0.6380328029532343
0.5042535548466544
0.6583917497435898
0.6242175004064141
0.6669389307365893
0.659543809352893
0.5633750128121697
0.6087734855483732
0.5940445724809488
0.5613299884932488
0.6884098464505364
0.5604514633275082
0.6194679918049033
0.5875628157200435
0.6475463943182385
0.6281747297033556
0.5287052389480976
0.5783424484740265
0.5502961477284917
0.6049944993992505
0.5788697696900733
0.7782563276123744
0.6571583919569399
0.5530034429742883
0.6303153123664991
0.6520567471931342
0.7159045597919517
0.6405830415442351
0.5273862158120151
0.6532136032834096
0.6573212214056753
0.6353737091382575
0.7152646689958334
0.6245155630116606
0.47882326318128365
0.5551461636900321
0.5612839432533009
0.6144694036695204
0.6082801062524692
0.6472784494802929
0.5722578967933833
0.5196939156751916
0.5970833972121093
0.6020244670549383
0.5687336343039217
0.5893542806713211
0.726854794414449
0.712158901044566
0.5882323805379799
0.6205223729516255
0.6471697027862938
0.644490689548754
0.6671494534494696
0.7073757997310068
0.5549459163941578
0.626198333776443
0.5695093023945202
0.6228809267175406
0.5766979719560651
0.6903333382006943
