0.6960665592395634
0.6682427612753881
0.6300878706202859
0.6718293805416449
0.6588985108546594
0.6331904357414373
0.6792825271566172
0.6973691344363685
0.617257237263342
0.6500804024431137
0.6967450706228654
0.66597280574349
0.6877209711882754
0.7124834616279873
0.7208240187864593
0.6853987196499517
0.6572232016076016
0.6507813799670686
0.6795234937474482
0.63838519024218
0.6845090211598215
0.6851116168731117
0.7339781744174041
0.6343272557596848
0.6964262152090375
0.6388139748100451
0.7064762275641592
0.6874233621449373
0.7000238326424494
0.712173556474654
0.752331215286616
0.6573193448094538
0.6635787218555127
0.6864624981094093
0.7023264788543947
0.6614368882032712
0.6573323488992308
0.6760902963648243
0.7200143939300468
0.7039464694138805
0.7015892659482861
0.7403038928085348
0.6320103685952524
0.672008864285993
0.6677126898306694
0.650984690266141
0.6508193930922905
0.6513811673480121
0.6608378577499558
0.6634460924610674
0.6085416943411844
0.6795597858140913
0.706548888945607
0.6267663923907582
0.6646308267278758
0.7071791657547736
0.6677371697826237
0.6421670134773738
0.7067897415398131
0.6531765237111519
0.6805262109886314
0.6950421450163752
0.6746195734681416
0.6850815909439009
0.6531041305252434
0.6882231034792685
0.6479336869478868
0.677269263551352
0.6432722478187392
0.6996343844922026
0.6581421126652703
0.7067628535059871
0.6875181926520026
0.7020601014782314
0.6997506775959466
0.706879567227945
0.6848741562125331
0.6557193501702925
0.6355007284354143
0.6818353455489455
0.6911411621228355
0.700486419040336
0.669242161320857
0.7062967782117661
0.7271474982239426
0.6921496258116472
0.6624673485078914
0.5859376060117844
0.6795954516461117
0.605900182107169
0.7204856597147676
0.621599087827376
0.6597687785715955
0.6544663416316147
0.6815524206924232
0.6964422397740478
0.6311529245434736
0.6540986322304752
0.6350832009058377
0.6282494058086289
