0.6883158009315677
0.6698493855076901
0.6638940822710725
0.6926830321310155
0.7295943838762611
0.6399053875075884
0.6792086719057854
0.6771327527152734
0.6997266175611511
0.7631123905089614
0.6932775520872225
0.6986438441849634
0.7034226540072467
0.6973014408675111
0.7173945553633445
0.6459394530359109
0.6284686282507067
0.6665591879963091
0.6583416719130485
0.7144592052387888
0.7361929168408406
0.755519443550087
0.701336157010863
0.7122368354192085
0.6848387270493926
0.6761624247277465
0.6446055008855495
0.7226605786545182
0.6913296577602808
0.6740317890625926
0.7082119379474814
0.6157087897228681
0.7061106568929375
0.6837865815151348
0.6596885671127277
0.6906126228926688
0.6154325748641177
0.692796769603731
0.6858109393412322
0.71357308785094
0.6707458719587372
0.7752539805195202
0.6623911656506305
0.6464347170830083
0.6884034566824279
0.6838390892484291
0.6584315348387114
0.6979775146174906
0.7517762457612964
0.7243292489888373
0.7583169228841707
0.72385263623174
0.6911451671935526
0.7595936534434043
0.6960499663739151
0.6572754672354653
0.7141559636624161
0.6937809029954434
0.6905631748153761
0.6265829487193073
0.6474256616834381
0.7231644653401534
0.6220262291741769
0.6616997657117094
0.7416783271357504
0.6806802141645976
0.6893213294954837
0.689719719840814
0.7350187974924625
0.6450497063731967
0.6459816629303254
0.7577517022316927
0.6683308404297357
0.7273365484164654
0.6333574411854469
0.6712701888916572
0.6446847211491662
0.6766120790564266
0.6818074359022008
0.7120085327421171
0.7325409032313313
0.7045407368281861
0.6896765736038386
0.6700416973927965
0.5945707000155213
0.6927504652087956
0.7160440476234907
0.624086668777967
0.6943968835237485
0.6744813856575514
0.6431388127534585
0.6966465003707385
0.6789107229215986
0.6938691582743742
0.7328414565766577
0.7013288808895287
0.7606568631935183
0.7377050454036383
0.6494873976224727
0.7096803897411501
