0.7657995136632877
0.7419446866991174
0.700019035435163
0.6797866222993757
0.7454919694827853
0.7002135821497183
0.7300826020087225
0.706228016115288
0.676165748565351
0.68701104650021
0.7214730676046108
0.7143104881766824
0.7375077556482933
0.7149082815665351
0.7138697835249087
0.7467208976617854
0.7387947274416701
0.7187125652239773
0.745288554077793
0.6649760735818254
0.7120999120052854
0.7147490463999705
0.6849227369859997
0.7062530271864245
0.6919783506254114
0.7084688383811147
0.705573184814238
0.7281463508709316
0.6059226179494576
0.702667331454861
0.6990703958005101
0.7513616605245469
0.7284690520172658
0.7463898611678016
0.7386337556473808
0.7350365672144137
0.6828689572164575
0.7140820114160779
0.6838660499163639
0.699995499586231
0.7246696758462984
0.6928522985536208
0.7277168630013384
0.7344940732910309
0.6939540249970332
0.6866392446002303
0.7392366376767177
0.7585184717047756
0.6226437833003254
0.6653390637958053
0.6920757103337905
0.7236720739609979
0.7281946968391261
0.6589981300414369
0.7597070389010303
0.6957506743184091
0.6738970313857657
0.6903334364932551
0.680620770113533
0.7151061874728355
0.7478113888100976
0.706682161801672
0.7370435808097632
0.7360641595234538
0.7642873595140462
0.6732470512193367
0.7304344230163107
0.6615908176679344
0.6912205225887534
0.7303942598573737
0.7197826536396135
0.6945626037963415
0.7281474930446343
0.7319789235430573
0.759924281779715
0.7321084544763358
0.6898006460956079
0.7124519277439928
0.7274735485910955
0.7247558280566886
0.7358709928805766
0.7327665757207634
0.7447861989301213
0.6977780387049775
0.671186640274162
0.7296281094480739
0.7297194836787221
0.6645667814355044
0.707561260208663
0.6830805949687254
0.7012521976509193
0.7364206631224295
0.6991739841266591
0.7639526307833486
0.7755790021389504
0.7138653132242535
0.7239437550787469
0.6948873502001304
0.7055605608611587
0.733386670306847
