0.7609372338524398
0.7605743067043713
0.8364516098548672
0.7569540322973584
0.8226374168304511
0.7331840371988322
0.6778523964432127
0.8137858727608587
0.778432786275907
0.7799802275078369
0.8062664139218918
0.7070527501906391
0.7697134783257051
0.7872002770176747
0.6623475699152308
0.753954672823056
0.8359045772229505
0.7215794731166955
0.7036296000170166
0.7893850403166267
0.7058876370738568
0.7750535234758238
0.7877818957990789
0.7343617435658646
0.7103068899114149
0.7421886575631116
0.766539927702621
0.7057103251124258
0.7375909997695695
0.72864622893033
0.7583476578001505
0.7680094865281172
0.8109948925744742
0.8019603153839914
0.7410088116132129
0.7294865364349856
0.7501619572934947
0.7705838613330103
0.7910285456127449
0.7422440750914611
0.7416476770851047
0.7038186366711556
0.7385110177938077
0.7276969499091787
0.7484046546819658
0.7299342423902137
0.7589247910936702
0.7728935734883272
0.7714624193474875
0.8062151629769878
0.7290342010455079
0.7426410226407248
0.7346944211242017
0.7568098384838177
0.7955140989117812
0.7727223471328302
0.7329098297312673
0.7908360291493349
0.7307123904510692
0.7366461220127566
0.7490190281017668
0.8127503300210038
0.7307815623924159
0.8203285462377988
0.8122701045963717
0.6872759530763657
0.7430919524938476
0.7955430757651597
0.7477455288922231
0.7388530872012425
0.7527984615090151
0.8272178730878396
0.834467759166908
0.754704651306323
0.7681556251387162
0.7573016961225002
0.7463948109525065
0.7343329632024068
0.7070898760417723
0.7850952848107081
0.753960155518536
0.7943803572820727
0.7880426878843085
0.714028038246068
0.7975851530786098
0.727708607384122
0.7409362092563695
0.7419921124087753
0.7846697738060004
0.7181967943169135
0.8170134023467231
0.7957657450751678
0.8024550925418377
0.7744930938984216
0.774459728549161
0.7786990112415386
0.7434180334719064
0.7515956608419503
0.7860810581302289
0.6877993941806946
