0.6643395938632694
0.6244514052401557
0.7470583149777521
0.6927697742983495
0.6895542899242284
0.6898124730594312
0.6588074387373508
0.6785964929855218
0.7011101205161967
0.7195934477961984
0.7374367110901113
0.6658874712189411
0.7016592442483353
0.6833644833180125
0.7215405069895333
0.7147683678487428
0.6615648472857428
0.6835990946633618
0.6869347067882096
0.6825319577832466
0.6661615520002957
0.7081158586819142
0.7282179194914677
0.6679643980418423
0.7193074496689358
0.6784104946050055
0.7002942977753248
0.6570090701852925
0.655905565942274
0.7589567123303759
0.7021122319888559
0.7323463111201054
0.670695602279444
0.7070641524187662
0.6973089273769976
0.74229352632503
0.7595584810609006
0.6585636827429071
0.7204903279866839
0.7565253241130812
0.6500995268941249
0.6616718993231814
0.6538828989017992
0.7111050239629846
0.6984814273435076
0.7610359386804998
0.6848173795436576
0.665369111770441
0.6714140924122878
0.7665151807369166
0.7021430707629929
0.6857904201587891
0.679636757522469
0.6979610612005648
0.7184421623218653
0.6843393664928762
0.6882067190367042
0.7002815766928775
0.7106457764866172
0.5742690557668485
0.7537352071638667
0.7102857979446343
0.7578149092899614
0.7648053445746139
0.6897319029397161
0.64852988409101
0.6940742123652108
0.7102029859382631
0.613955001983553
0.6415152081908904
0.6512579291130078
0.7212587558567479
0.6829302834709511
0.7013663807747836
0.678355562257336
0.6994302955813263
0.7098443982862399
0.6963196175020309
0.6735146346581978
0.8319397808431673
0.7125071849053134
0.6937366767043857
0.6600566594638675
0.6964974733975559
0.6889850083872199
0.7252232927116359
0.706399195129149
0.6896257114434947
0.6569410467759262
0.6529544651798628
0.6446402381369849
0.7359750109984636
0.695632927618026
0.6403620124589509
0.7267748961864399
0.6901184315765301
0.7212943997482776
0.6331246219487685
0.6603651241317482
0.6828670654115985
