0.6969460893174126
0.6845897187481617
0.6844242768908371
0.6927204173462086
0.703718098657649
0.7024064299715469
0.6627253776354939
0.6742422404988392
0.6602034369863408
0.677729224982996
0.6332877612593871
0.7266091074844093
0.6811665130040333
0.7065960368106218
0.616015585024508
0.6320401769200947
0.6009068231679238
0.6515110368532371
0.6393405091052731
0.6985137856948777
0.6147333783180666
0.7478796128598212
0.7083019400456059
0.661988092732952
0.652778424302273
0.6379143705784038
0.6764977474102299
0.6617964622931419
0.6150232051617807
0.7086095786587586
0.7217860417102318
0.7231941544809443
0.6573920470691211
0.7198419610161212
0.7248203037913624
0.7076788999114048
0.6393942766338429
0.7349465869434223
0.6204996214421796
0.6824863337906737
0.713083686963919
0.6146941013495658
0.6352404612746289
0.6671517537877507
0.6578893173583993
0.6552336219169637
0.664308989342595
0.6750287966365613
0.6675568054566734
0.6485743171245928
0.6313338070185623
0.7135500303740056
0.715778120284628
0.6805173558089722
0.6769302662872305
0.7324264211671981
0.6788336930976777
0.6730409583421824
0.6562309541474441
0.6178583923517911
0.6649458406367058
0.6927835321467489
0.6969324403382096
0.7074081523922624
0.7034182533602743
0.6818230942046325
0.7084138549238529
0.6795296435029009
0.6334388992425928
0.6580472304423961
0.6596558269253151
0.6564616682450833
0.643324934939586
0.6262694496884357
0.7366265426374407
0.6424672371462272
0.7176062862813355
0.6369873528271058
0.6705217602430029
0.6603204480278198
0.6459380098365055
0.6640908856843447
0.7027304357154499
0.6986893045603425
0.6315147738626609
0.725014282207286
0.7031773413703113
0.7046810691963492
0.607863062643681
0.711132270215666
0.6228732306249336
0.7224136290497062
0.6219882850857196
0.6247989221362866
0.7119835867203916
0.6832104070306892
0.672527771328015
0.6728973303357995
0.6201318391800993
0.6603773830101604
