0.8164849975828662
0.7376714940392477
0.7879635600759418
0.7420055104517406
0.7492687292688462
0.7434486246369917
0.7767210079802096
0.7913614496778824
0.7838488172730822
0.7715888307591152
0.8144074159777294
0.7587721051755743
0.8143407265398935
0.7440338461056242
0.7787426438008629
0.7451409680902478
0.7140438230218562
0.7691476170035149
0.7678882711833868
0.7491252749625107
0.7554165096683177
0.7115874077833069
0.7607224576639254
0.7454917695221165
0.7469086997294985
0.6824865750292867
0.6900280180733873
0.7658129940254997
0.749557736847684
0.7142827478943434
0.7487863534540722
0.654289915420053
0.7711826501313059
0.7251268050950679
0.7443801584308646
0.7430407018655146
0.7165976554302581
0.7930684107877906
0.8132759043244899
0.7479512899948221
0.7820230856208189
0.6950142872039262
0.726286858273636
0.7208122730532969
0.6943225054990627
0.7610492155787818
0.7606924986278271
0.7986298132410119
0.7347817290850882
0.7301582936590018
0.6884939841809317
0.7359681884223553
0.7483294218985359
0.6918518707426734
0.7196915419680195
0.7101889529370075
0.7605670682154398
0.7350943675444702
0.7301837031024375
0.7352710698725656
0.7799804420388073
0.7434002245568595
0.8028430445056602
0.71314485364869
0.7109418142817405
0.7577227014638197
0.8440724806909361
0.7755194686993406
0.7079176396999503
0.7686089408755045
0.7686796140915738
0.7122832591568872
0.6924483989547248
0.7628690865331422
0.7275114662415456
0.7754715773577102
0.7277311144148816
0.7980673705753112
0.7980261092120171
0.8226446901827688
0.7762507346081351
0.7284482179006107
0.7136217742066295
0.7506368679086755
0.7712565447031876
0.7320663696731896
0.7473865656916889
0.7148014186475269
0.7812666784420925
0.7005777396488616
0.7903291828067739
0.7466595857475709
0.7907297980116451
0.7200390558369525
0.7778685513582438
0.7921840379317746
0.7762982107064881
0.7840555151005489
0.7472954102329802
0.7260295924641563
