0.7923444289298269
0.706455413983503
0.8296519708643249
0.7624360487600327
0.673123092015456
0.7324935605249503
0.7475429993604208
0.6510942133022354
0.7810998228809359
0.6951897684924203
0.7306777392888927
0.6610864582674059
0.6839644981673325
0.6488767550808692
0.7647809247910219
0.7552190547085568
0.7249741686882509
0.7324005198390892
0.705212644616381
0.6800098328447934
0.7171562852731679
0.7370898919158072
0.6370762753920377
0.7285760747251874
0.7736993862231649
0.6905859750621008
0.765533770481874
0.6903511094709186
0.7629844971977607
0.7455367409526427
0.6992766551218418
0.745297749833427
0.6803602925038529
0.6877612238435854
0.7234211744204501
0.7683598878806879
0.6834634433322334
0.6561927732117988
0.7187521810082224
0.718083121838576
0.6964012754640136
0.7236653793748252
0.7198308013745506
0.6691907464989405
0.7444175397591565
0.697251644747986
0.656294452759714
0.7437274207970406
0.7321330983401723
0.7291976262281665
0.6829793137478961
0.7034955009889998
0.6852246979155366
0.7899362223210225
0.760039129267938
0.7474520652361341
0.7252759797048933
0.6550432393947375
0.6721452968656025
0.6680560319930057
0.7932665843626762
0.7853888613704325
0.6983882465390825
0.7159361170469881
0.7068418379587149
0.7517651981700119
0.6846241850207156
0.7207635602502974
0.7602444418770177
0.7330448875856013
0.7653501508034968
0.7600490241189635
0.668069409293796
0.6145018027796703
0.7288512561958199
0.6714962855901329
0.6782747183297504
0.7070898023801035
0.656804721654837
0.7101206721644818
0.6971721594187712
0.6787477759901186
0.704553980306028
0.6567347085677715
0.6872097658593751
0.7271737466850087
0.7165833801106087
0.6779840476911428
0.7639698341310376
0.7055865607136947
0.7744119061482199
0.7069132187213164
0.682151197680109
0.7732399069219142
0.7231285211896475
0.7524976778851786
0.7543476705685819
0.7007585098614193
0.766010972182422
0.6492112797626279
