0.677895095931732
0.6170882609791086
0.624846570732313
0.643335547013459
0.6193864413172552
0.6814384309249375
0.6495647288661883
0.627716322022041
0.6225232174828514
0.6377635919570166
0.6291961070617033
0.6196087813610622
0.7072090698958481
0.6573399726384221
0.5820301435576769
0.6327280066464763
0.6685418867468454
0.6278727605181228
0.5937801897458894
0.7082255093903023
0.6449231870260806
0.6630217911060017
0.6347008395964495
0.5967210650588467
0.6712592166721978
0.7148417139177147
0.5927483356169342
0.6683773525864563
0.6557608771538588
0.6204895252034415
0.6110742869596582
0.6946317882425095
0.6054381771169604
0.6284844490263536
0.6711582408434568
0.5692157189411114
0.6500983178128387
0.6530013600356198
0.6257484501893068
0.6071884196277829
0.6202447473039998
0.6575437798283198
0.7070834760289828
0.6865693558549879
0.6205102504135027
0.5907680891555928
0.6686983406522021
0.5959687964098432
0.5526703660012126
0.7157253358087926
0.6694343998205963
0.6862919352023037
0.6441190726499492
0.5576162353700357
0.5959559697529782
0.5990481391354457
0.630349446148073
0.5927625931784046
0.623033948374994
0.6470034385989858
0.5244024863087985
0.6289072592426275
0.6738615218194788
0.7021713278089249
0.6955529412733982
0.6421515661299704
0.620234418891712
0.6102293049190959
0.7122695135566701
0.6297069860001592
0.6528031483975393
0.6215294990241905
0.6084580736256215
0.6398478199006059
0.6652060576044743
0.706228146073862
0.6803244629722592
0.6787239782023909
0.6530223060510418
0.6657719573664539
0.6146721548455463
0.632260015361908
0.6435592629975532
0.6492043305911992
0.6400763786522072
0.6984636178462647
0.669776218700161
0.6109664710045626
0.6582582259083621
0.6299170688927264
0.6383657139575167
0.6105579001790964
0.6653677150331869
0.6893088471177126
0.6623164003478802
0.6194462043840485
0.6251212319716318
0.6749742714462577
0.6787981518385143
0.6496531154796314
