0.698107455721993
0.6636977538189758
0.7466814388348698
0.7036006831756905
0.6583795092071714
0.6926011612132718
0.7015484043271825
0.75858612097184
0.7066739020947561
0.7284019062608941
0.6051118673718635
0.6656625863837771
0.710601554504341
0.6916018596487439
0.6535038427167044
0.6817953858492495
0.7318236452642363
0.7345691732608132
0.6916347651199075
0.7019276581128527
0.6683440167791581
0.7351914696741615
0.7074699828737154
0.7144051203294259
0.6963567171881033
0.6994002657696168
0.6854279433994509
0.7049490430876918
0.6986215249611067
0.6935146323905911
0.690735820783643
0.6615047453385273
0.7481404877188143
0.7124261771348182
0.6951950661365818
0.7031497696031112
0.7110815006059941
0.6792475791075232
0.726000897367177
0.7356297462010332
0.6850420926875822
0.6591113470807985
0.6625101262892631
0.70821881324744
0.6859371822867618
0.7085525322258936
0.7906166540767642
0.7554647997457546
0.7243606047638685
0.6591619184789274
0.7009003795635937
0.6991155144347992
0.6744194836466566
0.7623984072832323
0.7467767347882421
0.710202259768278
0.6955064815247447
0.6490332915603741
0.7091953947791114
0.6510173726855691
0.7465341555378475
0.6915128423314689
0.6791426316466598
0.7232872857917828
0.7315376793917527
0.7276019058297329
0.6728501918791565
0.741083489179818
0.7338655851028824
0.7684238934532805
0.6573771310781972
0.7355211004823453
0.6554758834240596
0.7070439484489905
0.6732314119867641
0.698211000711346
0.7295660859040183
0.6723559113064964
0.7160544854375894
0.6799274415715935
0.7455855391125942
0.7124993132729281
0.7137029913268123
0.6761584609780363
0.7513268560703501
0.7233519811570936
0.6927775110866602
0.6498184320858336
0.6890284728590078
0.6925397246127499
0.6364404027271654
0.6839540560625048
0.741543912087517
0.6793184669871917
0.687090933916108
0.7669329331807541
0.730106343542363
0.7633999678229372
0.6845206169547303
0.7112517706505536
