0.6664469436968488
0.639014619994121
0.6151120521210007
0.6167696845289312
0.7106717590307992
0.6172180171776204
0.6883266751652707
0.6548084027433748
0.6031442298116634
0.6637077726279998
0.6704792341118275
0.6684079655103545
0.7729623170199655
0.6571572136103362
0.6533208842005243
0.6738533281330852
0.6773037918664382
0.6016482515745621
0.643573260829707
0.6095996137117565
0.7084328997839643
0.6842661855537336
0.6438510503138644
0.6154737874044642
0.735548098607263
0.710394414901363
0.6842726731666016
0.613342501383079
0.683214166334069
0.5843722586621265
0.6102788845806747
0.7220458603634967
0.5679201358349051
0.6218983195607999
0.6581560451547707
0.7299137202339996
0.740403545152265
0.5770555373562233
0.6558019912141917
0.6238255574992156
0.6526118046284952
0.6141442353392307
0.6243723602281624
0.6794024956919736
0.6647260513074906
0.6444175227173972
0.61728196260681
0.5718518019414441
0.610009389878757
0.6386324115850278
0.6842035369550398
0.6681511285823803
0.6436426285582855
0.5918301168136514
0.6236342725106416
0.6878231100378047
0.6106485917924668
0.646251886589281
0.6914015193939755
0.6792219436863087
0.6622246744550243
0.6162285757707214
0.6847285397930706
0.5849555839366648
0.6698709730202029
0.6545271047050291
0.6289654119646333
0.5647396867486422
0.6950404160658447
0.6946745398962633
0.7062509810956049
0.6787550929202664
0.6723308632934902
0.6784511579159271
0.5216096669806795
0.6240940894210516
0.6339168356545138
0.6704596837911226
0.7036311485920234
0.6881062783310393
0.7006538121706571
0.7000213923262772
0.6608983149407078
0.7199406614082055
0.6710114678731757
0.6618638767837696
0.692982351726572
0.6806727969062516
0.6169974369258414
0.6572653347787971
0.6242855869797024
0.6576941972319313
0.6897758644263233
0.6266466093290283
0.6729600205588169
0.5158097469849608
0.699517749562167
0.6945673345963604
0.6643400262924737
0.7231870391287064
