0.6528023029027741
0.6318448768997413
0.6500712065570126
0.6849555107288946
0.651626479614011
0.6084863085734536
0.6044345017410797
0.635436746753084
0.5490279631724126
0.6062012174016017
0.6061315934737236
0.7374817592924561
0.6407397921726865
0.6612348427161847
0.6288460188635733
0.638709864110942
0.6585023635668106
0.5729574976031347
0.6709918524590768
0.6846394748968224
0.6029293973712336
0.6172411262937766
0.6274210472782475
0.6067353490388928
0.6553308952070421
0.6488755687593148
0.5752132571204484
0.6736577726454962
0.6828731188130626
0.6844970463595726
0.655257967592083
0.6909711639278391
0.5885430535775522
0.6072892952289596
0.606026721279991
0.6092852735676487
0.5970338020669783
0.5974970161379077
0.6149243965875908
0.6738700937079749
0.6356163496018464
0.6150974903522994
0.6239492675754212
0.6825945849690516
0.5552831853831965
0.6501867115480531
0.6017819122871486
0.612905150841402
0.5828151286048375
0.6297607035240447
0.6114200720492937
0.6471336539671119
0.6716355595110842
0.6667496946238666
0.6582554212041738
0.5567593723963481
0.6420438688176298
0.599206895242222
0.6522440895896762
0.6233747958328424
0.656690361842602
0.7069042348192738
0.6840975267065033
0.6573531253700033
0.5037799724466556
0.6450317210908548
0.5824211612732602
0.5403821779375878
0.5712212486799179
0.6604102152870368
0.6805793286718502
0.5956985309917057
0.577868377061533
0.6132506937234485
0.6399762384210016
0.7100964971222486
0.6619361381423662
0.6052424146842756
0.570543962844323
0.6696111043427029
0.5935106405179362
0.6485037106792515
0.6216441537501948
0.6230903248982225
0.620864443175657
0.6766566895160523
0.6141340030050413
0.6535969317224253
0.6357283942821221
0.6234170728757915
0.6572000345196488
0.6963539739843809
0.73074051827185
0.639409965325104
0.622808387845449
0.5837456178216913
0.572476680853877
0.6451498952591657
0.6687750095973836
0.6127297584902922
