0.6232431848062758
0.5349732556145328
0.6783777158571211
0.6446248489775721
0.6958854837453889
0.7059251129019195
0.7193016768595378
0.6536404256174395
0.6446505972444599
0.7404286688266447
0.6489595247333573
0.6692334714039763
0.7239594809684574
0.7572930485490423
0.6236890576802949
0.7327078768701257
0.6988259372196015
0.6639548226167646
0.6502989824698708
0.6349609387838517
0.7454178466205039
0.63726645714122
0.6327512177526147
0.6812814167946892
0.7241519042963022
0.7077425367871281
0.6601617288672308
0.7029669518891113
0.6273905934009142
0.6444125204603827
0.6234850324315696
0.6267385567476812
0.7005223851650205
0.7515388134316308
0.6792057099086426
0.6468588744255874
0.6526571872581312
0.6937390605461623
0.6596149144072292
0.6618080699425606
0.6699432224143425
0.6618604222536594
0.674637928365392
0.6077706193625136
0.6861840710201496
0.7388627107617206
0.6629963125779305
0.6297039812477516
0.6726611780768313
0.6107420122312902
0.6254170713069447
0.6913504364367735
0.703547433915204
0.6602801998340674
0.6397703619346335
0.6319616854500675
0.7191927707706917
0.7054098230231216
0.6375140700285867
0.6612168008629457
0.5831006198845506
0.6186223708680376
0.6829212043340255
0.6889433950156277
0.7742562240131146
0.6056253603614709
0.6296038589178576
0.6139920411327736
0.6727354040643253
0.6675497182714981
0.6430799759696942
0.6815742251901791
0.6729368591988454
0.615954674603001
0.5905325883042747
0.6948379712697186
0.6617442421744445
0.7298856540555112
0.6492890059710292
0.6796050862654078
0.6619975981007337
0.6251707273662634
0.640193226038172
0.6540779730587143
0.7165585593179643
0.6639272334151013
0.645472631031062
0.5956334799315901
0.5804528248925075
0.6688993519395486
0.7299813690414177
0.7155554561116394
0.6438207852754859
0.7002474932426106
0.6907673782068624
0.6608972951156803
0.6845104847804603
0.6549951488968555
0.6427277013685989
0.5708663997202442
