0.6850922480288691
0.6162371579188999
0.7043506225639912
0.6758438885720864
0.6887781123407027
0.687262661935943
0.6588206305852043
0.6708147941232996
0.617259595523828
0.6627426945467013
0.6880095057904398
0.6802738651662069
0.695172240945053
0.6848055215250091
0.6513011672936883
0.6494309312230936
0.6460620084116726
0.6493806811850243
0.7063570038738481
0.6339920711410008
0.6242346202169744
0.6317225824986673
0.6708415478779545
0.684832425739215
0.6698582495530739
0.646401764773402
0.6051778793872883
0.7013415614860309
0.6703510875488143
0.6112601214746362
0.6353479294199235
0.6894945537602247
0.6352036489026808
0.7286411636041259
0.6521061562242823
0.6488230485710494
0.6622002628271675
0.6192428185088856
0.6109678494118377
0.6873199388018892
0.5877559384583647
0.6286178243543885
0.6129794827098362
0.6375307792315567
0.6828131453933618
0.694877668535517
0.6532283633001131
0.6868141118512191
0.6874391458158965
0.6639960139711524
0.7109606530045718
0.7255226194334617
0.6763022988187892
0.6537864251472679
0.6792664923481035
0.7178243051428633
0.6783417024275766
0.7463628206276324
0.6850354330024697
0.6600381287334064
0.6690937454786207
0.682647055290853
0.7077102395394329
0.696071680762568
0.6978502646557538
0.6808186489144455
0.7082591293454805
0.6858724059105699
0.6235998586402965
0.6881286845015585
0.6441633291252842
0.6416795066558961
0.6603698042310674
0.6793963459532602
0.6107350813600914
0.7375351172257931
0.6973621214546407
0.6733784452847069
0.7098132799409801
0.6076974773452848
0.5725621057956715
0.6700327069374011
0.7032121983327433
0.6662005227848067
0.676770654517983
0.5949741683817233
0.6793333330163637
0.7082917803786463
0.6717131962753928
0.6213683089821932
0.6316923168201498
0.7070455132378372
0.6039730513461735
0.6114213340961274
0.6149951096818709
0.7626358207560046
0.6817031143318294
0.6085135218046563
0.711291553998521
0.6972577259638203
