0.6528805812301688
0.7500479851692977
0.7029274925764071
0.7333758423426227
0.691791823272121
0.6891129112723607
0.7367517804333457
0.7325547814341867
0.7000941682820017
0.744181077115798
0.7317639701962944
0.7237415443993179
0.7394570679554553
0.7179518273245251
0.7691238097353593
0.7728895355805266
0.7319734645377983
0.7020478924998078
0.7508423103735028
0.6790539594913733
0.74431698027611
0.7056224081555929
0.7000656201067118
0.722250659841802
0.7361309985761194
0.7111072986613288
0.6837669093363106
0.7658342440436662
0.7419483011965394
0.764500838534573
0.7329212915763046
0.7155030205303886
0.7929894637883581
0.7206868475333374
0.6336422259110506
0.7636872219535006
0.6954069890441766
0.7320103742292536
0.744164952311256
0.7386956333654258
0.6855732575534011
0.7416380939376516
0.7757350383734767
0.7148685859211332
0.6870228879407977
0.7282405716914166
0.7300495683674156
0.7363534605347178
0.715655645501068
0.6774327349522126
0.656151220212912
0.7118796190895319
0.7044500668567926
0.6407556642918585
0.7094014729251761
0.7364050891514635
0.7367673641894135
0.712511053877334
0.7522884665882112
0.7147332729103139
0.7414748592233877
0.7058646560733083
0.7250256712881985
0.7355130564705196
0.7070487100502137
0.7470715513302753
0.7804011698883011
0.6955930932687227
0.7331937725084362
0.6966792070691041
0.6848295849695019
0.7768850908261704
0.6858197867629935
0.7247512450744764
0.7715956471665295
0.7161085835875685
0.7068936409601952
0.7516191402454092
0.7205924854584431
0.7485899290111152
0.7533174906694224
0.7349400181623156
0.673080146500574
0.6889660992727908
0.7418187101429469
0.767923493446945
0.742299943693503
0.7097792362099673
0.7628572624082771
0.7334711500237534
0.7340078421752826
0.7407639454662714
0.7604111972557768
0.7033263324411253
0.7515188420073163
0.6980294147833656
0.6964734651652368
0.7879799421966734
0.6805020635880061
0.7043915750069231
