0.7967053022276499
0.7987133439028374
0.6991321986163752
0.78517106043027
0.7713447875597439
0.7183074814774242
0.748699109606133
0.8015251930326992
0.7625914863839959
0.8261051111906065
0.7594366225291679
0.775064019043647
0.7106677752671923
0.7763118492304006
0.7787889393626326
0.7484187918769488
0.8086115479032056
0.8204432931815123
0.7825894050580995
0.791706358363051
0.7845657388516328
0.7805908920271493
0.71756887778538
0.7604846327711967
0.7137615682949898
0.7610393779831427
0.787741771579361
0.7649999439574033
0.7464389481401719
0.7728658239496503
0.759261034553737
0.7710180464368912
0.7821076478834722
0.7640316906404998
0.6895964097302077
0.7504350693662484
0.7693168007237824
0.8030127566429613
0.7841226880489418
0.7067698467234157
0.7715662328188293
0.7672624499293217
0.73428474068913
0.7778721704441199
0.7924970211460697
0.7975301789546493
0.7500748162204294
0.742321278965239
0.7588435458985274
0.7584861513947581
0.7891937277183729
0.7839118926921069
0.7633884119547917
0.6802941405179583
0.742654731236446
0.7880160391154694
0.73866414679264
0.7097524089756785
0.8061962926633319
0.7157048675852976
0.7563801105684692
0.8050123642362014
0.8042472161687535
0.7989071259093974
0.7253429101169998
0.8101692285372855
0.7816316515728795
0.7681784606627345
0.7495905611041841
0.6430801610288468
0.7257365614062836
0.8191305614646713
0.7443291713587817
0.8328740411431238
0.7663485916977223
0.7623769176999927
0.7344860894003441
0.7604192220867078
0.7913681605524648
0.804898119268038
0.7828938004739752
0.6991517327038468
0.7760552388642377
0.7225482988119167
0.7757289287438944
0.7747553049716307
0.6984411879818028
0.7919764399457023
0.7895637902311516
0.6789399048933462
0.7229981774315952
0.808832628818233
0.784600445168268
0.6631021099275685
0.7656116267145366
0.8446445369700588
0.8321133462192283
0.7543685087687568
0.7815553854016954
0.7391681820074035
