0.7771884484988847
0.8716126817690363
0.8573809750996274
0.6802386620369111
0.7722742204654827
0.7666616471520782
0.6917908443329981
0.7828398554218609
0.7870018470970825
0.7786318639666973
0.7986434372537725
0.6462458023022887
0.7635428856573128
0.7487871718716134
0.743207244374607
0.8086912153232704
0.7180712808573535
0.7747156953424215
0.7182709585481823
0.7626213747483926
0.8507507128749513
0.8377179629546144
0.7650973347551708
0.8356047793216657
0.7543260399393874
0.8805180183048927
0.7482710505178511
0.7582771022217036
0.7483549497696429
0.7860207912623152
0.6624033798589393
0.8120933655542287
0.7639079451394761
0.7549876882773573
0.7819160291603864
0.8092771303763783
0.7599924665910044
0.7770274605112752
0.8508327959834302
0.7920147738027213
0.7703947036943509
0.7601560770750594
0.8117058840050473
0.7844553586894982
0.8833345307523134
0.6955669295479855
0.7590301218613313
0.7606929999969699
0.781407546773544
0.8195174475788238
0.7624304417217287
0.6776568039085298
0.767196898961943
0.7348000197542143
0.7378043888756547
0.7737594653800491
0.8273294544782789
0.7530729929410399
0.7567330864526325
0.7695331490855525
0.6870017385943448
0.793867541315846
0.7964828699727536
0.7934733805644905
0.8140174160474758
0.7093022504504913
0.7246280031570411
0.7837414171549281
0.6327756629495275
0.8082002047308628
0.764252697689263
0.7945168946835388
0.8076001991187599
0.8224971559074331
0.7895424904154525
0.6606828287369348
0.7663137882539546
0.773946094108235
0.7411202896829585
0.8811922115273884
0.6992449966342087
0.7459893590969462
0.7164583796486251
0.7043205482482636
0.9296239294933315
0.7889351760322201
0.7827595124048334
0.7823156283744526
0.834393169510163
0.7617342393949502
0.7309082641885284
0.7299117816343148
0.8520942371521617
0.7243864004672318
0.7684834077137119
0.7812840373652143
0.8217087108296439
0.7311092947771838
0.7642661684576516
0.7629515256920669
