0.7037471939649219
0.7265827623791328
0.6890483672607484
0.6540870677822918
0.7608258532341411
0.7189478155965177
0.7389016393736497
0.722939674886647
0.7934846258437983
0.7513265961178
0.7277763567424521
0.7448457361971869
0.7541636308876765
0.7399987350660107
0.7798430416311074
0.720033166366693
0.7411722544291114
0.7422100862579547
0.7423422884405684
0.7827531251953713
0.6922338942818859
0.7588090698720745
0.7569329319508767
0.6968507987117097
0.7596900431224356
0.6809995439548189
0.7015785188843611
0.7448279527819077
0.6902418848826626
0.7289374597374214
0.7220066651279983
0.7047478430100007
0.758358512633097
0.7334862894995543
0.7443773256521585
0.7551645613787911
0.7274069913061705
0.7343883348497718
0.7386412325779806
0.7580586812356581
0.713747341233375
0.7657047850999323
0.6915981388538642
0.7461699475508916
0.7129684938799304
0.7712382297716914
0.7340835178317457
0.7208361476906282
0.6955134092787328
0.751019801843224
0.7689008831356325
0.6953148467940925
0.7675723639690425
0.757920908370269
0.8134303678971508
0.7352734197040028
0.6562591212352138
0.7005635002560585
0.7216941048733763
0.7408625212703143
0.7161979376330337
0.7205793904952543
0.7010333865497635
0.7154260894233886
0.6640684983265125
0.7173189923924702
0.7192789488042228
0.7515328754370273
0.7035310588341818
0.6676531778024019
0.6806889217173404
0.7184355198977911
0.729572005239359
0.720202019959042
0.7341650134604167
0.7981562794920456
0.7245149763579267
0.6755145789792858
0.71640208692206
0.6995877445440629
0.7294705973704007
0.7285153639687466
0.7789796631055814
0.7331193225947088
0.7312754820036554
0.7501738776978436
0.7741576873047173
0.7208540244993628
0.7086787541475104
0.7455046764323787
0.7432901663563483
0.756504884358813
0.724346640457024
0.7345282618093388
0.7510133842341221
0.7462029030105201
0.7077986416295878
0.6695848846463165
0.7439566835271978
0.7202763014646756
