0.7204701281456966
0.7743545038671772
0.6816758566419099
0.6632594533597416
0.6808413033410862
0.6803698509005656
0.6881763764089392
0.7481816769941846
0.6851228000442932
0.6566226279713259
0.7089541671030991
0.6457066708981224
0.7024575896319721
0.6888310466184587
0.6227137795779425
0.5986278619172141
0.6429456702810884
0.7100337234528962
0.7013312017043328
0.6939081059414408
0.6540337814324567
0.5937012619604947
0.7063141278336131
0.6800427645728013
0.6912076516419715
0.7057185873643902
0.6329703612115813
0.6653166135686389
0.60886955491627
0.6669174135829222
0.6990110365004457
0.65521359828767
0.6535831813489843
0.6799759122065986
0.6780437964354388
0.7006813916936261
0.7596029206159384
0.7342629729863063
0.6663018975630814
0.7034404177871099
0.6891786054399576
0.6839963973247561
0.6591529980116266
0.6938016625786461
0.6305628966981887
0.6445918745465178
0.6964100304406967
0.6727088791557378
0.6891406008650871
0.657128628979154
0.6654219454740034
0.6328627914283226
0.7067661471745558
0.7034836896650659
0.7329482849125168
0.6736648417691922
0.6977350214861787
0.662778487973478
0.7028183620654035
0.7776159813941825
0.66997356297927
0.6089617679908041
0.6394659328144996
0.665401150093516
0.6746815105003328
0.7066463484251951
0.7028267814820842
0.6781668590648428
0.5650901937926285
0.6793368683686468
0.7110511662766359
0.6744680516952295
0.6626625956800121
0.6926272235209263
0.6491786911039414
0.7099863699341805
0.6720629565923592
0.7258614468778751
0.7334403238994384
0.6791154088462382
0.6518720641226539
0.6052854428376294
0.6422891380344758
0.6495687276909531
0.7045735658668081
0.6590583960719937
0.6633303694160473
0.7348340248088329
0.684851158883822
0.618104580671106
0.7214365102754393
0.7014668683635921
0.6898357929420916
0.6610700817148106
0.615398991515611
0.690562918332268
0.6289371920724985
0.6787919353783678
0.6859391421403839
0.6232173718788425
