0.7275398878513517
0.725637112093583
0.6669726761122352
0.6729787559832815
0.7216265730456682
0.7717183751315178
0.7016854100980123
0.6995668378310589
0.636396239184843
0.6793751305794451
0.7071751095468957
0.7171921562405777
0.6933865381831386
0.6999065961921755
0.6729849783921039
0.6843027451638736
0.6991303528729035
0.7349991366953424
0.7393605771540087
0.6897311733262085
0.7044386458090038
0.7201523318039004
0.6750050715357246
0.778285526730782
0.6807557428759254
0.7435928583904765
0.7665395895465851
0.6917674142803695
0.725807742430447
0.7282401012287534
0.7099485718099241
0.6480676996846739
0.6345243216782065
0.7260716585218333
0.6814929800479834
0.6815843703408475
0.7256220967965475
0.6526314741879337
0.728023984983843
0.7050916690432621
0.6997447170496923
0.6741574130548892
0.7459443671000271
0.7530755737182092
0.6808121987647393
0.6808263525500278
0.6132448774376501
0.6550521602357575
0.7999958644469555
0.6538409175090486
0.6731688139601484
0.6390530254591762
0.7696062090339706
0.6750463302480992
0.7289943880594406
0.7140067420331624
0.5996241210081096
0.6472781593323719
0.6611598291289542
0.6571420787443571
0.7074599237065909
0.7021736125887784
0.69951807685048
0.7280674042306415
0.7104746507483192
0.6623375478716294
0.6815843328348933
0.6915275219418899
0.6422455236505366
0.6287915405626782
0.6718527235749997
0.7471839109128781
0.667381060791121
0.6564332713061037
0.6611402065743693
0.6518685472559494
0.768574283994799
0.6377192151234624
0.6675649414444234
0.645438383996895
0.7144407961008257
0.7334650283565263
0.7455396433318657
0.6269485690411558
0.758467387425269
0.714170504392413
0.7258617153293216
0.7215163668655917
0.7396347513926863
0.6944937333788035
0.705229343579922
0.6896982462119647
0.676771072998762
0.6903679896701448
0.727443494533401
0.7383466371213129
0.6774299928973319
0.7492055540205498
0.7564603372502479
0.6544739102884363
