0.6962220524262773
0.671347242965863
0.6247737632197803
0.7392539337498464
0.6876201781132869
0.7058416459787585
0.6885209716447018
0.6584341798876611
0.6912578840184312
0.7002846345936675
0.6779279909808986
0.6781581948153206
0.6491547958750974
0.6295590238942184
0.7038640029751592
0.6468272124389799
0.7274149099945079
0.7220648524672071
0.7299758141652469
0.7217705532362079
0.7212804491362923
0.7150106452972563
0.6942699170587007
0.6962694688966917
0.7189570561805487
0.7509851455905734
0.6568966112954568
0.6679723324583333
0.7157484920667224
0.6278595363856394
0.6095102058662202
0.6392000695013523
0.6505957579146027
0.6873640687067569
0.6610349155485511
0.7005845459781842
0.6773569983141562
0.6478308548634594
0.6933297226188003
0.5766141005128004
0.701996081665171
0.6519357462825099
0.6254341894052527
0.6790292373806556
0.6625578826110776
0.599986058331924
0.6685702449040342
0.6567239749673687
0.5965109398153716
0.6199250518045497
0.6726590994574858
0.6608486197575869
0.7811764010361096
0.6724381336074796
0.6836256020576656
0.6657461248764
0.6769676817365021
0.7006784713609426
0.6682600888175826
0.6780913255647572
0.6840664837173674
0.6685163780913261
0.6149515725409413
0.6321825125861401
0.7374753573176764
0.6527565577539813
0.6880436156877986
0.6521626135051679
0.708762289381794
0.6959644298372559
0.6813095561777947
0.7094031321106348
0.7183383528397191
0.642973707748053
0.6753230371760655
0.6607524158938024
0.7053765341443056
0.6567859309668858
0.666971592457505
0.6847362392558122
0.692351714945044
0.5981677645284138
0.689232345052626
0.7133687802595385
0.7141924326302981
0.6243948529965884
0.6220929452076546
0.6719794541183887
0.6477020204748661
0.6701460299749764
0.6647255476056066
0.6957420549637675
0.6321985012533655
0.6679562305334941
0.7152701947876844
0.6567416465367495
0.6512030078948665
0.6878416671071591
0.671009718127008
0.682543566253669
