0.7569922056317879
0.6979919366239821
0.8089416081610675
0.7600589226849339
0.7202465143086535
0.7521879101710598
0.6688966243530889
0.8125293798287226
0.8228412341840713
0.7951102116807205
0.7386562048178503
0.7453594412276556
0.7619399849492927
0.7035111337639468
0.7164439774144209
0.7060498244162515
0.7962567223800916
0.8341672664911427
0.7425058832430091
0.7632847255245605
0.7573819590893848
0.7821323652565841
0.7850396463898416
0.8303695789075214
0.7219073386148982
0.7432987111297479
0.8026965981555151
0.7807274272842084
0.7431509135300278
0.6809518103465511
0.7414611809943883
0.7289272832520177
0.7320841490927892
0.7728553948664454
0.6839813825803276
0.7573448387554013
0.734099857923845
0.7153584256278452
0.7209895099968694
0.6687502114753733
0.7174070629798205
0.6421498068354159
0.7598479307889674
0.696248970707261
0.7900881352314855
0.6894246955711828
0.7683761361862569
0.7970131902986288
0.745393867075978
0.7674790586691193
0.7314038782689726
0.6800754062150808
0.7451183850768291
0.7786896484379957
0.7496583781297339
0.7848818037811399
0.7546110402542054
0.7202521561957099
0.7685791631700295
0.7582080659907717
0.7588548950931729
0.7005236690786152
0.6724416086190783
0.7334885002448353
0.7930431910516579
0.6887398037168213
0.763755989070538
0.747298619995945
0.7542126463272396
0.7138531867050399
0.7221288485480541
0.75129340269523
0.7521861220464424
0.7807117286347249
0.6825936511924995
0.6839816950979342
0.7490389834867817
0.7918549284895986
0.7706807158191725
0.7890578748758533
0.6850233180537604
0.7116133047525618
0.7601746287672413
0.7629318751511509
0.7942374768882868
0.8032595391177941
0.7142230036078421
0.7269578987886297
0.779343657983149
0.7610147722885596
0.7352993435167091
0.7010011044764276
0.710837306668595
0.785673978267491
0.7789134750692159
0.7677650027150336
0.7113195461765996
0.7058984212797634
0.7047211892342046
0.7601458555460786
