0.6438136946524246
0.6763101510703294
0.6247937915215651
0.6773778438064569
0.7052309042386302
0.7038953552588982
0.6595556370887936
0.7090811703491585
0.6514037531785625
0.6886273298817566
0.6028678917766509
0.6509210902206455
0.6268967696292637
0.678841116936537
0.6800440367567866
0.6804999000894899
0.6553636562599287
0.6732897621524513
0.6894531810848474
0.7130579784435964
0.6722173170057444
0.6972862455717387
0.7033186462776726
0.7184729305657619
0.6322989544216093
0.6990714310639905
0.7228526403489353
0.6882990613965561
0.6232675003042106
0.6855620603734895
0.6153723135926356
0.6215031822167214
0.580634702419134
0.7253375531315229
0.716072191170391
0.6694382996854722
0.7491314552184095
0.7076412837735099
0.7010696535739804
0.7523340074520298
0.6258672649116801
0.6998217039499316
0.6960763297154925
0.6695782958975016
0.693369902977342
0.6187626740873453
0.7260368301660793
0.7025685741632164
0.6394141540685994
0.7156189729591638
0.7027545299000564
0.6534701593336644
0.6630699454806221
0.6219556246576703
0.7165358888414927
0.7574837347873011
0.7531327042731008
0.6858657614571838
0.6941864664875967
0.6516896002335195
0.6788057992891127
0.6108730339405739
0.6598001915423303
0.684619982988319
0.74039952678742
0.6980607716301168
0.6861330026252234
0.6557811348504031
0.6266230552332858
0.7205244931663234
0.7104732703731768
0.6955127658408943
0.6944086650329173
0.6613933028598076
0.6888951579204807
0.6256830671879794
0.6287482462268708
0.7194884935941526
0.6747656372976263
0.6559777251255511
0.6811644743187862
0.7401841350132323
0.6320509603256543
0.6841032535424311
0.6222715795968851
0.6603675344348433
0.7219416262106266
0.6906751778562437
0.6705087246764401
0.7391118298688846
0.6878770902637336
0.6308374048110256
0.7359897566634912
0.7050045394060761
0.6714160464736256
0.7164423498005185
0.7522207509666933
0.6029326000292626
0.623540636086161
0.6571692857781006
