0.7069416574047555
0.6689922268875765
0.6860265593016566
0.6124407302455949
0.5094482318126945
0.6149904342125704
0.68564900592927
0.5607052147120495
0.5368444837963077
0.7047895408631685
0.635768057969508
0.7680891143153834
0.6895238265258453
0.6258027572910789
0.6494606026663767
0.6404813306311193
0.6458687901475951
0.6423918527574352
0.589728748346993
0.6499179489803214
0.6464407070041228
0.651325319996694
0.6151165042698532
0.6416023738103267
0.6193323762203574
0.6995020048792859
0.6278163036377513
0.6133012956829917
0.5505917312495381
0.6129405822356064
0.5335504012383501
0.6533160046981265
0.7090796516009127
0.634512866150424
0.59826304699322
0.5558932265638634
0.6341692893468014
0.580168743134403
0.5847814374261628
0.6563549762356881
0.595474560637495
0.5932086204156845
0.6448557854037492
0.6205391024576933
0.5915262926038917
0.7299873930345416
0.6417437038577812
0.7000923393320005
0.6830319155762203
0.6538416821855921
0.6606963645476511
0.681391367721859
0.5996882515277899
0.6178757888909355
0.5747888651824054
0.725223631454381
0.6577503257734889
0.6055997809096403
0.6163113926059939
0.6377203379688721
0.7166050156093814
0.7494356952209655
0.658145162465886
0.647566988903445
0.655170027525921
0.6355524009134575
0.6763565347479381
0.664722373818352
0.6525869700517078
0.6447786683675423
0.6789409732745355
0.6407853161926952
0.5799239743639746
0.6460395623747819
0.62512893364823
0.6708481226331818
0.5624136815800522
0.6133149760763893
0.6674874129256727
0.6236329704265144
0.6185649386106129
0.6178414014268104
0.6183444129506378
0.6235914774985071
0.7146138432656228
0.5995633752594287
0.5659777010764206
0.5356722016447673
0.6580660521345388
0.6167668699106101
0.501372701276505
0.6685444150642721
0.6031719029190024
0.6931694422468342
0.6241696514136867
0.6495265538490358
0.5636734121617106
0.5446580478331248
0.605433747814096
0.5845112050409216
