0.7259112116422014
0.7674388951765596
0.7754516728686291
0.7915007572022484
0.8566658766072018
0.8397196094400946
0.7479883957524383
0.7572430833287752
0.7527105910752139
0.8276698122409684
0.7546780183112192
0.7792202793430251
0.8321212061872206
0.7729310991637045
0.8112493598836523
0.7679937511382778
0.787820641352846
0.8055368411866702
0.8333971523164758
0.7363076544263923
0.8094346729468767
0.8022705623634637
0.7720325779376822
0.80964913493338
0.7740199881041393
0.8230216811134276
0.7874029000095217
0.7909215799522804
0.779980518090215
0.7897658718617704
0.772827737067943
0.7710740026431863
0.7359790350158422
0.8161036737107319
0.8065711411817813
0.7739888699054471
0.7686045033382164
0.7824083136223374
0.73140571700688
0.7636006863707412
0.7370338640434756
0.8581423637604665
0.8109310944425687
0.7496046290257569
0.7998283023107255
0.7943158590053944
0.8642685194167349
0.7789555740710273
0.8081435251605503
0.7873670690840849
0.7959729313143551
0.8001314620208589
0.7540557358347613
0.8054736869553984
0.7452122730472255
0.8320976015203505
0.7928610830690282
0.8057483672574361
0.8420321573874998
0.8321100132394664
0.768043444782836
0.7729854354599874
0.73274535210491
0.7515174802126247
0.7210717501939936
0.808948070592069
0.7451359788446109
0.7813384129721822
0.7874340587069277
0.7800837661327727
0.8166789855293648
0.7853913797755964
0.8032733116170504
0.8042216959428656
0.7480743802225871
0.7183157389213842
0.7924633178629992
0.7946741384858445
0.8696992005878631
0.820831066717441
0.8200343646436073
0.7774413688652964
0.8159135664693051
0.7997141285885973
0.816211254741185
0.8038062085758843
0.7743792911943177
0.7938423467438754
0.8661801342007392
0.7778902238069626
0.8275496958745497
0.8508354355058544
0.7490225367100126
0.7947389682722392
0.7657557927687256
0.7772072563227865
0.7690710395004078
0.7439127669269214
0.7555664069833505
0.7124912764266741
