0.6405995566888707
0.6677533396189326
0.7120317255657985
0.6434611283497718
0.708928184077122
0.6702638008343238
0.6631944985806908
0.6404969752639663
0.7638628887042181
0.6091915385175423
0.6432135884399833
0.6785387471611442
0.5965644553013181
0.5906917467779013
0.7182336501109254
0.7099395061595438
0.63454055486088
0.7430264974905572
0.6385188179810567
0.6385148851364842
0.6558874661955778
0.7160840813188774
0.6927816587407878
0.6606580775292303
0.7409233690717687
0.6471276171658501
0.684793032260841
0.7257633834523027
0.6442412254330098
0.6044645550193832
0.6449603821284243
0.6705484539265186
0.7011834504892857
0.7024007235712154
0.7098376747127915
0.5986954263625126
0.6274024328993862
0.647350421897851
0.6715843212667807
0.6892458593756229
0.5643663065085671
0.6823075648097249
0.7200802734248961
0.6981375379795844
0.7767043137924774
0.5923942052487584
0.7520631288687496
0.6876783491173386
0.660743262775138
0.6354894958517919
0.6023770203792337
0.6847395335628822
0.6726307047235073
0.7409110471554409
0.7836923319741887
0.690062598716876
0.6178826648979342
0.6685318713226406
0.5709929997866549
0.7039779687682217
0.6575115819661115
0.6028246298561215
0.6317052627289711
0.7424261429960443
0.6536299924494393
0.6104509996514705
0.5553884003574574
0.7552053351331101
0.6730853326637541
0.7245948304044542
0.7081830682271983
0.7711518175954627
0.6821273028068923
0.7403732979886255
0.707844689948671
0.6587219204255004
0.6812862135322085
0.6534051779032523
0.7022101869137121
0.6458381735728627
0.6978944042639376
0.6274779657063483
0.6912565478203575
0.7123611777572206
0.6723832821689237
0.6504132996187172
0.6627682478506915
0.7162941173306953
0.6416652109069733
0.6571175037468501
0.6946184119024862
0.661341652065654
0.6704915960015595
0.5947485106596174
0.6845508204966733
0.7226314300824784
0.7173069885094133
0.6791448713527086
0.7262655624367589
0.6501181531124288
