0.6706760927020771
0.6176060357968474
0.6433782353373972
0.6549132918092623
0.686235811086771
0.678708342627468
0.6905417915687685
0.7525715489252195
0.6588507645519746
0.724668812666095
0.6586998261250869
0.6776608733212987
0.6693888047440233
0.6697609607150036
0.7335113352863115
0.6471444833686248
0.6373794630802023
0.7409312300211995
0.6244771510456507
0.5781981700388151
0.6117985312782783
0.6828390239475265
0.6706131869583294
0.7279466542305816
0.6633744927639993
0.6905370770687375
0.7088483312652196
0.6727242243234538
0.70055166503688
0.6971476932772022
0.7052541433633989
0.6921255530462248
0.7173925023060597
0.6865043088083599
0.6234371594114633
0.7620281266909535
0.705566590939049
0.6825713269993972
0.6989433919775697
0.7380744769129578
0.679937335566836
0.664799535639754
0.6879956850980053
0.6551251782595057
0.685172127161133
0.7055737867975642
0.6863291204831075
0.6381610142048003
0.7073607144035676
0.694299794009185
0.6910085864799642
0.6726176600600967
0.7093018295502423
0.7134198858348538
0.675794815495491
0.6695392235357711
0.6367448408880708
0.725049788462481
0.6853596013315758
0.6458080291540237
0.7368099555284616
0.6612949394411185
0.6790366347675115
0.674849184313408
0.6843041872728813
0.6459135291714393
0.6389141803529804
0.6911038336065883
0.6561420397275771
0.7385260506311545
0.6358710546778279
0.6939831666940505
0.6858202224881984
0.6508714037221307
0.57616368402561
0.6770905627336994
0.7127428678090963
0.7102060801645137
0.7083321894606739
0.6267023477703649
0.659091563037406
0.7033453581540643
0.7394727698047764
0.7324674352905826
0.7052365419198255
0.6795251030763074
0.6306199288017756
0.6517933307314626
0.7009376768522498
0.6884644848714649
0.6761939907801812
0.6851150112423623
0.6938417447848135
0.6444115460654531
0.7058535412945268
0.6946232464003126
0.6584391113318021
0.6947190041202993
0.6824630394643955
0.6732195393244258
