0.7607359978378819
0.7472376077043742
0.7204187376449965
0.7107006595871974
0.7086775291652537
0.7063005904032666
0.7149804849477759
0.6840437380937187
0.6873486719550649
0.7071888034065817
0.6722050548154455
0.7430850167814396
0.7111352795404036
0.7221938710430384
0.7248457955790041
0.6953516859606664
0.7391743315823966
0.7229663904282352
0.6761149757769704
0.709374034884128
0.6769368535243857
0.6784529378453182
0.7545476617661802
0.745409537331074
0.6980235387663082
0.6906914119514607
0.7058374052302341
0.6858406391567685
0.7109079163928083
0.7054948185640132
0.6763925753227191
0.7598828299816025
0.7168056663195729
0.6619079959330861
0.7608130296663695
0.6800043626616575
0.7036096877051371
0.793936384160531
0.6419755170980127
0.6982771569407592
0.6895742261008891
0.7804659287335354
0.7451349898747686
0.7071225475295355
0.7309805547056324
0.6828153455053771
0.7094853856101379
0.6839554388671628
0.6789814131646259
0.6870071135456254
0.6502293803955621
0.6824886085637395
0.751948816245919
0.7338696391151633
0.7114427265335809
0.7082401910142494
0.7155948271697031
0.7219952386395236
0.7528839396468159
0.772043047097173
0.7703108994966261
0.7855271342532102
0.7500807048020359
0.7857735113580893
0.7133772605698845
0.7302397646168719
0.6912577337438892
0.7214818366990792
0.7134495864177988
0.7431625197061308
0.7650971436449308
0.6533437918382206
0.6893984485369558
0.6361616012235884
0.6300110717912181
0.7148502954248354
0.7663029084491978
0.6891067755310156
0.6701868622101375
0.7261168690191411
0.7600581620288871
0.6731247754580836
0.6881457911906418
0.7661103447721882
0.6750441928860075
0.7046598200873441
0.6774297117481558
0.8612444464762402
0.7992599547004792
0.7058691289047236
0.6485607072883298
0.6882652272943569
0.6658985352199915
0.643124756042515
0.7212418426440715
0.7190430717754287
0.7474348674034695
0.7366379142942315
0.7424509865077343
0.6647277089289447
