0.753598561544964
0.7675912861833438
0.7788003503958499
0.7809419106339717
0.7953040667316288
0.815399851185044
0.712958012927698
0.7228654662213623
0.7608932917624349
0.7831373956373502
0.7444704312664056
0.7859345692430896
0.72773297152716
0.7587029490482867
0.8201669960834483
0.8355421196900912
0.7719863449684583
0.709007770406226
0.7790639074263194
0.7875697057675478
0.762114753429012
0.7893020086387715
0.7788734399801236
0.7568255894460032
0.7724857161317833
0.7683541567236912
0.7853428235625729
0.7766814307683049
0.7480938567813561
0.7324703664512866
0.7184400263560952
0.7447576285483798
0.7831858394378916
0.8167427060117455
0.7896237256328013
0.8046215289183497
0.7213296435969379
0.7283411764236559
0.7760983803002295
0.8476870554678531
0.7266630519365986
0.7010052308489004
0.7481686424184704
0.7914396375253271
0.7011098911620834
0.8374585059261721
0.7515522385917658
0.7414883049350381
0.8676020949742671
0.7664447437126485
0.7641085124889557
0.6973071682411748
0.7129641083586132
0.8064243704315264
0.7898050859246983
0.8059597015520137
0.7572121434582383
0.8112146893863559
0.81765654926777
0.8138664468637561
0.7547105638590087
0.7024060341360447
0.7654713427625016
0.7274916202039058
0.7839419879196046
0.7736166001734615
0.7472935074447513
0.7645824565973836
0.8029789242372722
0.7609844271869828
0.7959559430576774
0.7908077056388423
0.6911956281036756
0.7346747153007199
0.8114110537027879
0.7777862215701318
0.7760148553596898
0.8827266427931884
0.8245091450967919
0.7594880082379708
0.7468117478005998
0.8320306027892928
0.7750175790256586
0.7442438388032173
0.8362673604429453
0.7482416709890702
0.8006360926127588
0.7554421920175999
0.7921883634721198
0.8079622424991493
0.7680957962259443
0.7567186297679042
0.7375734511766426
0.8120983875494627
0.8116519872566537
0.735201756928493
0.8019155025701001
0.7588114218714161
0.8609924717432913
0.7828816545562143
