0.8149982848152636
0.7590035185203989
0.7078116915738549
0.6849439446249012
0.7174175243192016
0.7216313959753494
0.7732798153824253
0.7738655367847361
0.7912362977557742
0.7399452515646077
0.7526537155944313
0.6675222436032542
0.6938186244827191
0.7011911029285082
0.784832268755852
0.7222057991460942
0.7121164688659535
0.7203825458114175
0.7220754480446924
0.7216087536470817
0.7658166954299152
0.7154138680778769
0.7659741061720227
0.7402898929270887
0.75430040179714
0.7235004508438524
0.8160566132117276
0.7167706124130024
0.7539326166508112
0.7824731801449291
0.8011740780029112
0.7027786261989891
0.7548689848748578
0.7393567633426997
0.7344331497001114
0.7746318466992763
0.7751158181764007
0.7281910113381799
0.7203903532677428
0.7541480236691359
0.7448275765183233
0.7107560550766112
0.7540297402057192
0.7172179693715653
0.7641464535373819
0.7565404701864142
0.726330700290894
0.775003001852629
0.6946954844917758
0.7310145288075992
0.7764610659770873
0.7393759234340089
0.7759175355532713
0.7688878155071833
0.6998703895226926
0.7478850421049438
0.7767917185784127
0.7419714916420288
0.6360516898360187
0.7855632066028494
0.7458574197799602
0.8442486975889659
0.6514023123132773
0.7275327279611759
0.7285172720366262
0.6876338069168275
0.735318869853119
0.7122863462681119
0.6950024348485877
0.8256817371477243
0.7316291594490556
0.7263346641080639
0.7713626521916254
0.7598815876896023
0.7856093748726093
0.7387431439307596
0.7450197317884996
0.7186714341327199
0.6982414595448345
0.7826536909407512
0.6534702630308905
0.7842475152389604
0.7381372486511213
0.713209358910632
0.757691474961738
0.6924370899919134
0.7346446462410752
0.7538247214322313
0.7538968638033157
0.7053864801714516
0.7298417715050091
0.7399132985725846
0.7371692370857231
0.8068439728619677
0.685535768559167
0.7230443682972871
0.7252119633981777
0.7715797891168247
0.6665821973453752
0.7182338234566663
