0.7197759783756797
0.7208386425384102
0.6980035586320833
0.7045713918213742
0.7303641772956582
0.6797760746454496
0.70694278465609
0.674531377460568
0.7150591624884708
0.7236794780127179
0.7194997947192001
0.7289432310804833
0.7224103028988021
0.6817071745210928
0.6841124339740203
0.7410963279505737
0.7827904189467959
0.7130717774499896
0.7128425413603444
0.7808994458527271
0.623518037568162
0.7465253322967649
0.6396787075428794
0.7497312013004175
0.7106270988658897
0.7242522514855432
0.6892293662154942
0.7288533045237127
0.7878852372165673
0.7037274204275248
0.7050109623571924
0.7556497964664062
0.7730037814416832
0.7990548397321886
0.7227256151650318
0.7462027615616557
0.8035634837644063
0.7416713727800707
0.7015473982966879
0.7236214480660627
0.7337727851968285
0.7128674641367206
0.7431476737707053
0.7304905360477282
0.6869621667521809
0.6494022168405559
0.7429696798806747
0.7660466754383708
0.6897720531590049
0.7157163716051766
0.7385167558501554
0.6933600746620585
0.6841371579765185
0.691924181872948
0.7704483107442076
0.6726555899875726
0.6742738140441734
0.6756246723195066
0.7631783885066183
0.7328879660561188
0.7013455322446243
0.7212809547105666
0.7013478110954839
0.7213142888982096
0.7125812943598209
0.7765706501653855
0.7085163645092798
0.7309464391133
0.7261628799287108
0.8125026937918151
0.7446089710419602
0.711277216990508
0.6945306415622706
0.7687181464149152
0.688919927828456
0.6916582058620332
0.7596956169480565
0.7599388228640375
0.8130152360806959
0.7293547414617585
0.6677823305794803
0.7661534507080303
0.7579672950182114
0.7007817399188985
0.6854979400216286
0.7692089838436538
0.764924353088843
0.7167530822936382
0.7664382454731448
0.8028863279691062
0.7146843202369596
0.7125708425200766
0.7094337650079132
0.7014579503777779
0.8062795024207806
0.6960888886393362
0.7360390716084365
0.6869876384728018
0.7433080681675606
0.7198986866339946
