0.7056161718330468
0.7680969516323247
0.73686275285996
0.7303382054748498
0.7733091096651221
0.7861265957277556
0.7367585797558759
0.7939578756322
0.7912001981857107
0.7213322520540713
0.7396701467582546
0.7334621192085332
0.7470669943424719
0.7121589733687768
0.6834319728668913
0.7379503753879189
0.7499454936861083
0.7827072012232681
0.7565065903446184
0.7460059317710498
0.7470081676690157
0.7846325325374305
0.7241613472044119
0.7498957403929393
0.7123013070524042
0.8058415210218957
0.6930963464417165
0.7277700310996056
0.7638476084602244
0.771275110497097
0.6693858030645231
0.7424933828808125
0.7356501055827509
0.7379323514298463
0.7564132401668846
0.7077111236043554
0.7218118577155225
0.707632773462517
0.7872508707341819
0.7771941045707319
0.8076638126151574
0.7797271624327806
0.6858804914182849
0.8098107349707128
0.687000397985123
0.7460980937798566
0.7513001526710315
0.729605221643511
0.7287596006778722
0.7336061972865098
0.7341739085853471
0.7653313744188649
0.7320328153301586
0.715943304004033
0.6977573902517079
0.684568770716472
0.7133846566535634
0.6935391039052193
0.689090577162643
0.7358806148427924
0.703251220938826
0.8154490297779149
0.7106257676937916
0.783336591872963
0.7550944844481919
0.7328997748494722
0.7015658033250372
0.703440958493094
0.7227482055931013
0.7944750420257006
0.683144553188345
0.6568671159915795
0.6672198394157397
0.745532004305487
0.8030192109027484
0.7591337412090424
0.7185240426787008
0.7338284442434942
0.7243730021008786
0.7138940019041319
0.6903943888661815
0.7577165254973955
0.7374965904869274
0.7216311660938632
0.779215444864062
0.7410502645496527
0.6977122782301022
0.7559159207783366
0.7914246606032472
0.6657948219587346
0.7058813955166929
0.7225912835944907
0.7619010550962179
0.7839413867059238
0.7691009455588156
0.6968458924150168
0.729634030379933
0.7503520839066198
0.7684499802944583
0.7440729800882914
