0.750160397647718
0.7437917151566873
0.77247002466935
0.726418251313483
0.7347888782705122
0.6998290231792148
0.7778595516531117
0.7369854720894079
0.7774291961377975
0.7625490859281369
0.7297601712068967
0.6942579056093005
0.784671666798456
0.7049004158283284
0.7333324166239842
0.7859398333738581
0.7307892266224689
0.769265927521985
0.6957388418574472
0.6209744007294667
0.6988653635424897
0.7097830468206253
0.7784600117400969
0.7872912329535965
0.7077379720593634
0.6579501341564277
0.7514792183925663
0.7970768493474171
0.7056280626244043
0.740349251842818
0.7372831942025554
0.728624538411619
0.8090509029908766
0.7403303281602742
0.705986573554383
0.7975943730276971
0.7788356663777559
0.7848747882557895
0.773665913780689
0.7650679708198728
0.7509500141320413
0.6546608214016082
0.7450009405230668
0.7007144769868626
0.7428024702986405
0.7201368781698341
0.8006628958085438
0.6971212083146413
0.7107920872400698
0.6900530354641818
0.8011471347540933
0.6761441654133142
0.6835009830756492
0.7766403075065711
0.6983444634174956
0.6834201987976598
0.7907197651492047
0.6901433587790158
0.7359798761819766
0.7788996453893391
0.7080931308743464
0.7821202911830393
0.710712334650029
0.7715366836135525
0.7577197965106515
0.6864754570120383
0.7342582924291274
0.7610520066235777
0.7152639078189792
0.7976833178407886
0.7214212776892064
0.7148812529765414
0.778428877433457
0.7364155736138318
0.7480401688118952
0.752148741782827
0.7961415334596533
0.7586649618599347
0.7895758085508223
0.6945151706274233
0.7476360063199762
0.7346791431298916
0.7030311333874255
0.7886065477271139
0.719740432593976
0.7717774546963976
0.7772544475772629
0.7865491455588218
0.7407581341894528
0.7445449176998564
0.7617685632333346
0.7740485767050804
0.7234307042607806
0.8063634650833579
0.6833248750757508
0.7896897597351653
0.7251028523277382
0.7523093920937937
0.7528346122146969
0.7858389370055552
