0.7147528575246127
0.7502326053981121
0.6282714980190934
0.7173264577673092
0.6649252074207267
0.7529175295461962
0.7246782750343688
0.7282642222018229
0.7033483003283761
0.7502882980840208
0.7307203980717594
0.7562200920113932
0.6538971528965872
0.703600313583001
0.707009412855213
0.7083617973860804
0.7206442747873097
0.7273157140483333
0.7396739274959084
0.7332362088721145
0.7142683868409659
0.7251814945400193
0.7065291220235838
0.7283204157188141
0.7471725803986942
0.7382756373997542
0.6596897331574471
0.6544317578473324
0.7525278777629566
0.7525339088554458
0.6951975306820517
0.685966245817515
0.7411171723962601
0.7428064242945615
0.7230577808025042
0.6525754562913927
0.7115517629676498
0.7710864446304563
0.6936822634649397
0.6853072698625373
0.750023844143745
0.6940465750303626
0.7656868144032015
0.7346061148144014
0.7241394373924787
0.7651602187200341
0.705523276839596
0.7431408653009032
0.7044123725804838
0.7671710806172087
0.7599577386670835
0.7508175305436307
0.6842290876571414
0.72311856805891
0.7381947375360549
0.6741392892966104
0.7313514759821818
0.7366717398077599
0.7192379302559502
0.6980430712450583
0.7634444038897045
0.7017169513469541
0.6972582608912586
0.6757383870402726
0.7279449176850671
0.73716138260198
0.7370832387706218
0.7324889978674877
0.7661074827494668
0.6843128972114348
0.6792792603980785
0.7212797583938927
0.7464778161393022
0.7069831894792193
0.7337264153343651
0.6680886666567973
0.6887036809996291
0.7528962385613622
0.720849664224639
0.6690049277661787
0.678053087758806
0.7363874204018979
0.7337500678421651
0.7033210208496109
0.747402467586294
0.6769380540796857
0.7065502243084645
0.7507500793492572
0.7150085784118947
0.724805421106224
0.7224067472783741
0.7375835125639094
0.7537401934110624
0.7412506733544267
0.722830829018806
0.7255513671489711
0.7220577644135733
0.759733051125072
0.7120982531967267
0.7198511901476481
