0.7171841962156403
0.6854353959423436
0.649723217883606
0.6773197728882546
0.6629902597474813
0.6294546040185953
0.66234002188744
0.6521123455861371
0.5762178155764252
0.6155561797202893
0.7042753833796668
0.6335224898426768
0.6418351926435784
0.6355111879749847
0.682717652573003
0.6313360817980712
0.6631158928096951
0.6917735234662361
0.6180591146395076
0.688158660249757
0.6479094040346467
0.6512893368197431
0.6910866621338086
0.6989983726069903
0.6809186784485385
0.5933806257183969
0.6255017692713815
0.6120144846468221
0.6569464908165112
0.6632677627027682
0.7014985259313298
0.662813500900593
0.6409418727836801
0.6201555698914707
0.7101570861348837
0.6511685449501884
0.611494594263559
0.6771415589128353
0.627904024584461
0.6663060239499031
0.6161464774699202
0.6343768896762473
0.6847429135704267
0.665610275798532
0.6848384922380879
0.6457607894604073
0.6082324886191331
0.6432989148999894
0.6322078780748452
0.5927203011175737
0.6162084803290971
0.6454841431202146
0.6608356831797481
0.6348864560342614
0.6211409675757557
0.6379240979724731
0.6053922444658537
0.6507489383885116
0.6523674754670468
0.6692562215615352
0.6625570976784836
0.7173968830089037
0.628605051082737
0.7137296287275943
0.66915205568442
0.643389361348901
0.6702245434808118
0.6602067372516679
0.5872586253269108
0.6679936554960628
0.5983218012245024
0.6295025568932548
0.652033406363006
0.6423551498857065
0.6593677660997791
0.6243033779224932
0.6910673726397838
0.7216108209532428
0.5840608684146003
0.6476267015776875
0.6354374503158163
0.6375297087407298
0.6168439345531906
0.7352355775934668
0.625519281156506
0.6638832246085883
0.7173337838023397
0.6536700509709809
0.6335243885326437
0.7355438418256789
0.6526145251842275
0.6425344256815971
0.7170196882870011
0.6566057748249745
0.6089967221907565
0.6295567464685914
0.5975594723527129
0.7249949398930853
0.6121412087402716
0.6822654043371436
