0.7101858193136288
0.6861786800782455
0.6939013162714676
0.6687249039045818
0.7325472126563498
0.6566812496799227
0.7724747090394251
0.7171196841350456
0.6822283529752524
0.7446987386553723
0.7044475830516536
0.6508131566969341
0.7192510527996034
0.7594615543848784
0.7805613609318212
0.7570460387039942
0.7259205514947978
0.7077761038575624
0.7697933838477905
0.6887287510264241
0.680585498701141
0.7433540928037897
0.7258425341657972
0.7160765284610426
0.6777279964324251
0.7144047020400535
0.6846083193844642
0.7107995151541197
0.6685179313413583
0.6745265752071077
0.7374428581167232
0.6964167727885497
0.6890661188650299
0.6794383823510394
0.8084644624251226
0.7239012164683463
0.7422243067402307
0.7329771468597758
0.8364456774976233
0.7518524593307546
0.6970867888368087
0.7798887821520694
0.7263591714213733
0.6827841371504223
0.7329243559811077
0.7743516910739616
0.6506027640810681
0.653105021639709
0.700172835971584
0.7334495028468858
0.6694005076263697
0.6457853970522036
0.6692047874688234
0.6330404116046686
0.7313778900822847
0.6482436988975384
0.7206629180218768
0.7160586199008686
0.8030806506915994
0.6410481934761194
0.7164919705985805
0.6486976175047703
0.6224134506963639
0.7177599766259984
0.7482225577838023
0.7134545266016367
0.7307947462489471
0.6749914434579197
0.6954861480817461
0.6777734097724314
0.549801270860143
0.7319241387040938
0.690573665280379
0.6501137625735369
0.7358785007289185
0.6366510211286447
0.6921254673961356
0.770341512574048
0.6682626544351491
0.6014977161351915
0.693917176074845
0.6973571955459037
0.6434594772523531
0.6811719661324186
0.6605516370689685
0.6486737708832468
0.7025221465934066
0.7690282536892667
0.7988285932839734
0.6651880309206851
0.7566258168315982
0.7987854458246627
0.7500614498917929
0.7180675734520031
0.7263388930271689
0.6385179933092947
0.712619015240488
0.7345645965588076
0.7611091966152626
0.7316213389714574
