0.8571350004870102
0.8324293342162827
0.8005770663432743
0.7675451308873467
0.8464488883549667
0.8135832864079692
0.7697495185056861
0.8063488201723222
0.7862864588612268
0.8477587979996639
0.8148428698752402
0.835605309451735
0.7362506765151764
0.7853479889439015
0.7652187048270004
0.8513559126255327
0.8332091232603739
0.7906259631724588
0.7838787406340426
0.7967950226465974
0.8454579702070906
0.826125614676306
0.7757994112556037
0.8082269677125071
0.7963504984512377
0.8110696368008149
0.8259405593787853
0.8201906871328438
0.798065145361424
0.7790889129522695
0.7904799769105271
0.8266164175484446
0.8663920672118386
0.8326516112966962
0.8834856261771331
0.77455739250763
0.8536958831999742
0.8309945307170205
0.8142854755475439
0.8057209370909816
0.7613810894134176
0.7955591204010275
0.7982947398817581
0.7932482890582078
0.7891701544183914
0.8405622807710382
0.7718896337621826
0.8811839700636152
0.8266975064546968
0.770613131348987
0.8077508448491728
0.7968218475342977
0.7990366806576845
0.8087572008294217
0.8063266272647225
0.7782331002057709
0.9163227700730371
0.8014424220991633
0.7937171875516426
0.835125577792529
0.7236131927031314
0.8080651139854089
0.815773679112383
0.8417075151043993
0.779442383818158
0.7244200636506296
0.8385810609287813
0.8077180370828989
0.7930663052393607
0.7615001783241513
0.7976396515734716
0.8256533346017126
0.8190530374051725
0.7999839373623818
0.7497979153492936
0.8341063714305603
0.8208187946511274
0.7661078704933301
0.7762659114046826
0.8245595019179541
0.8393996317425649
0.7959525710982652
0.8213468317370751
0.8238533973631017
0.8350992656332272
0.7304455583196737
0.7166649230651662
0.8643065766203105
0.786158641929224
0.8298089885849624
0.759916011239255
0.8065447906715199
0.7624767609085238
0.7594950196155377
0.8050933401094452
0.8360580049120692
0.7809354162926517
0.8263935388743373
0.7784613099896011
0.7952350446300106
