0.6790750085231128
0.6896227656651902
0.6647172349088911
0.7262030179280026
0.7731858209033672
0.7171208679583563
0.6830629629021666
0.6702984928090824
0.6713563313383932
0.7170721925987299
0.6451878022845018
0.7374187986136973
0.7097958764579919
0.7262579970232664
0.7325734908929483
0.7378762198922832
0.6737167397095611
0.7201642095998299
0.7797156717663656
0.728874707894776
0.7135340908239503
0.6833124027858202
0.6944811761180842
0.8056614472074495
0.7401252562922039
0.6854936561570277
0.7790666828730223
0.7002125856184186
0.7332935901418701
0.7365941170852601
0.7178967366261597
0.7223622962220106
0.7508707589257313
0.6838421426920315
0.7578645259269718
0.7276157137416523
0.7371966362265271
0.7709062236307276
0.7192162073082539
0.7978168361470241
0.7509030248227774
0.7186746202893096
0.7308512401073664
0.6837075191171029
0.707148679955942
0.7356380362517887
0.7165503455339033
0.6782540985770749
0.6861042297395008
0.7541257632337447
0.7601874149572531
0.7400367542416043
0.7097473819541419
0.7265440622974706
0.7480181508718661
0.7596647600543132
0.76261853021824
0.7340796993890699
0.7316097934966521
0.6970223230761541
0.7348098584400107
0.718273747274195
0.7057167974532405
0.695197828662842
0.7896779805238598
0.7397214632208772
0.6624896436272311
0.722816160606303
0.6939123085991884
0.7697904582995883
0.6992235841182596
0.7659833992828441
0.7555338344918481
0.763675666547552
0.7390847633879292
0.6770565070499366
0.7336617356240982
0.7561136763831816
0.7366942143013937
0.6719577166947555
0.7434973217036666
0.7371121587094495
0.7192565519508818
0.71936096945555
0.7448203027586384
0.6646348913764992
0.7224283027835628
0.7569072875730748
0.6529965859611849
0.6845815179148728
0.671695226644266
0.7485357769329399
0.7142568552027946
0.7250028219760339
0.7690103400848922
0.6773350146229299
0.6988465350280915
0.7759305490811955
0.7581976920697824
0.6905374520710224
