0.7148139776973726
0.6980750390612592
0.8182704782996184
0.741189803436302
0.67403130170615
0.7846509425738448
0.7468803308359663
0.7775899121295375
0.6914691427693594
0.800151450863175
0.7723624062156841
0.6979365982254702
0.7579733542326089
0.8015458374958888
0.8047641968928994
0.7325731046627096
0.7169592366753935
0.8189465918587646
0.7153850363081937
0.6811182695698563
0.7199416601903632
0.6996985076804304
0.6799259089844243
0.7216244253925889
0.7148519700193043
0.6726890976546215
0.7807466167214268
0.7510206323991131
0.8118192302351913
0.6929391885710475
0.7329670731873047
0.8117941766267532
0.6881392385927245
0.700326906921409
0.7569937132760604
0.6953619274490062
0.731488971289107
0.7585951713917719
0.7170787601759832
0.6951574767181499
0.7372956434125129
0.7486409063977966
0.7769545310667638
0.6958582576885346
0.6596445877184969
0.7217638173349248
0.6769046736646827
0.7140418546458456
0.724109280259575
0.7396652918567491
0.7414816687088029
0.7300541861851628
0.760612177260329
0.7636253672109719
0.7983470964875199
0.7681001078683762
0.8088516782815286
0.7433032307687277
0.7613756772485767
0.7515241275076555
0.8174137114514128
0.7478644134317315
0.7295932787283462
0.7432326653062867
0.7999396352191116
0.7015729136887714
0.7630122416297018
0.796752828477632
0.719659487228468
0.7564948613612967
0.7660259096593695
0.7163831160964761
0.7691952494880351
0.7455699732227332
0.7526704765085866
0.748699150588579
0.7010004644376945
0.7564944187801721
0.715057932630294
0.782782041774914
0.6556822087364363
0.7286175756643127
0.7496229493431246
0.6898278514501236
0.7506908305663944
0.7472581041107835
0.6855472155862053
0.7341847935501432
0.7676607747781456
0.7375181434532342
0.7012461145667852
0.7248642781970824
0.7389612176123069
0.7430512087233564
0.740540617344709
0.7255107197135341
0.6594278777220303
0.6846913130772296
0.7866742673999
0.6694845253085279
