0.878919786928268
1.0727505081265922
0.7765471195963928
0.8218166492005795
0.9543420248723625
0.7061854725450818
0.9708504017830125
0.5184504282538688
0.9026709332370381
0.566748363591105
0.9327108345946059
0.5963085688486615
0.7442048874930068
0.8316118719769339
0.6495479203567653
0.6610877656910813
0.8227822364943324
0.7200823013559616
0.9599836599916588
0.6644964663417421
0.7539899992851722
0.97409631780622
0.739565866794118
0.9400542668249532
0.6000578656483777
0.8391463916782737
0.7856628283758212
0.9084844015589864
0.8047169901146617
0.7044008488685207
0.8238488071214962
0.8447139555297206
0.638284737812503
0.7108289390743426
0.7541970077483697
0.8183874938675224
0.8803257446792989
0.7423760650701919
0.6495976636138552
0.5868938920033174
0.8742633581141355
0.8763842411436754
0.8319663671232559
0.6871842697315894
0.8498365918331615
0.8539125629350717
0.5493780495742482
0.9056951670654265
1.0137794369529103
0.9039547924783088
0.7072825019309098
0.4564354626090443
0.8412051192838838
0.7900525298441929
0.7056321050378004
0.8269830074885423
0.9003366433969404
1.086590547266262
0.7795475868091237
0.7550869186844463
0.6758625039108546
0.6649282849380684
0.8996836248673588
0.7110853359518634
0.8570528652834374
0.9208828852610098
0.7993052554788415
0.6345930429451768
0.6411794521959895
0.8891958134881343
0.9064421785565631
1.1034665203578153
1.0237361521571422
0.7589620471567364
0.7650604230101083
0.9536287125892446
0.9474014176156426
0.7126966464272995
0.8900003910674024
0.6747198797691948
0.7428673225523561
0.8690849405823797
0.770839077352043
0.7180703328924212
0.7037400101652234
0.5422798763122776
0.7781745053994937
0.8006074035418818
0.7456299619857184
0.8224990136298345
0.9010898741735948
0.8211141173880608
0.8758984932915855
0.8863263461128106
0.947347516566574
0.6853660134804672
1.011947855147913
0.8543281146647514
0.8579332041795488
0.8584681727019278
